,img_height,img_width,face_num,x1,x2,y1,y2,area,pct_of_frame,frame_num,imdb_id
0,360,600,0,337,376,29,69,1560,0.0072,2163,30864
1,360,600,0,252,334,73,155,6724,0.0311,2678,30864
2,360,600,0,230,299,132,200,4692,0.0217,2781,30864
3,360,600,1,265,312,53,100,2209,0.0102,2781,30864
4,360,600,0,134,202,159,227,4624,0.0214,2884,30864
5,360,600,0,337,384,48,95,2209,0.0102,2987,30864
6,360,600,1,147,216,159,227,4692,0.0217,2987,30864
7,360,600,0,227,309,98,180,6724,0.0311,3090,30864
8,360,600,0,202,284,90,172,6724,0.0311,3193,30864
9,360,600,0,283,381,46,144,9604,0.0445,3296,30864
10,360,600,0,230,299,69,138,4761,0.022,3399,30864
11,360,600,0,309,348,65,105,1560,0.0072,3502,30864
12,360,600,0,217,264,67,114,2209,0.0102,3605,30864
13,360,600,1,438,506,208,276,4624,0.0214,3605,30864
14,360,600,0,121,168,72,119,2209,0.0102,3708,30864
15,360,600,1,289,336,192,239,2209,0.0102,3708,30864
16,360,600,0,299,346,67,114,2209,0.0102,3811,30864
17,360,600,0,258,326,28,96,4624,0.0214,4017,30864
18,360,600,0,303,351,48,95,2256,0.0104,4223,30864
19,360,600,0,284,332,43,90,2256,0.0104,4326,30864
20,360,600,0,275,322,43,90,2209,0.0102,4429,30864
21,360,600,1,237,276,57,97,1560,0.0072,4429,30864
22,360,600,0,275,322,43,90,2209,0.0102,4532,30864
23,360,600,1,433,472,57,97,1560,0.0072,4532,30864
24,360,600,0,73,112,121,161,1560,0.0072,4635,30864
25,360,600,0,249,288,113,153,1560,0.0072,4738,30864
26,360,600,0,325,364,137,177,1560,0.0072,4841,30864
27,360,600,0,249,306,96,153,3249,0.015,4944,30864
28,360,600,1,382,439,85,142,3249,0.015,4944,30864
29,360,600,2,141,209,49,117,4624,0.0214,4944,30864
30,360,600,0,255,312,91,148,3249,0.015,5047,30864
31,360,600,1,399,456,73,130,3249,0.015,5047,30864
32,360,600,0,255,312,102,159,3249,0.015,5150,30864
33,360,600,1,376,444,69,138,4692,0.0217,5150,30864
34,360,600,2,141,209,49,117,4624,0.0214,5150,30864
35,360,600,0,261,318,96,153,3249,0.015,5253,30864
36,360,600,1,370,427,73,130,3249,0.015,5253,30864
37,360,600,0,255,312,96,153,3249,0.015,5356,30864
38,360,600,1,389,458,62,131,4761,0.022,5356,30864
39,360,600,2,134,202,49,117,4624,0.0214,5356,30864
40,360,600,0,272,329,119,176,3249,0.015,5459,30864
41,360,600,0,278,335,125,182,3249,0.015,5562,30864
42,360,600,0,404,452,28,76,2304,0.0107,5665,30864
43,360,600,1,295,352,125,182,3249,0.015,5665,30864
44,360,600,0,327,375,120,167,2256,0.0104,5768,30864
45,360,600,0,269,308,89,129,1560,0.0072,5871,30864
46,360,600,0,471,519,48,95,2256,0.0104,5974,30864
47,360,600,1,305,344,149,189,1560,0.0072,5974,30864
48,360,600,0,278,335,143,199,3192,0.0148,6077,30864
49,360,600,1,380,428,67,114,2256,0.0104,6077,30864
50,360,600,0,238,295,148,205,3249,0.015,6180,30864
51,360,600,1,135,183,62,110,2304,0.0107,6180,30864
52,360,600,0,405,444,61,101,1560,0.0072,6283,30864
53,360,600,1,275,322,153,201,2256,0.0104,6283,30864
54,360,600,2,179,226,53,100,2209,0.0102,6283,30864
55,360,600,0,342,389,57,105,2256,0.0104,6386,30864
56,360,600,1,278,335,148,205,3249,0.015,6386,30864
57,360,600,2,255,312,114,171,3249,0.015,6386,30864
58,360,600,0,323,370,81,129,2256,0.0104,6489,30864
59,360,600,1,270,317,144,191,2209,0.0102,6489,30864
60,360,600,0,121,160,53,93,1560,0.0072,6695,30864
61,360,600,0,117,156,57,97,1560,0.0072,6798,30864
62,360,600,1,285,324,53,93,1560,0.0072,6798,30864
63,360,600,0,174,221,129,177,2256,0.0104,6901,30864
64,360,600,1,409,448,53,93,1560,0.0072,6901,30864
65,360,600,2,260,308,192,239,2256,0.0104,6901,30864
66,360,600,0,255,303,206,254,2304,0.0107,7004,30864
67,360,600,1,409,456,57,105,2256,0.0104,7004,30864
68,360,600,0,279,327,62,110,2304,0.0107,7107,30864
69,360,600,1,150,197,67,114,2209,0.0102,7107,30864
70,360,600,2,409,456,53,100,2209,0.0102,7107,30864
71,360,600,0,270,317,72,119,2209,0.0102,7210,30864
72,360,600,1,404,452,53,100,2256,0.0104,7210,30864
73,360,600,0,409,456,57,105,2256,0.0104,7313,30864
74,360,600,1,222,269,62,110,2256,0.0104,7313,30864
75,360,600,0,409,448,53,93,1560,0.0072,7416,30864
76,360,600,0,185,224,77,117,1560,0.0072,7519,30864
77,360,600,1,285,324,73,113,1560,0.0072,7519,30864
78,360,600,2,405,444,61,101,1560,0.0072,7519,30864
79,360,600,0,289,328,77,117,1560,0.0072,7622,30864
80,360,600,1,405,444,61,101,1560,0.0072,7622,30864
81,360,600,0,198,245,62,110,2256,0.0104,7828,30864
82,360,600,1,255,303,48,95,2256,0.0104,7828,30864
83,360,600,2,375,423,62,110,2304,0.0107,7828,30864
84,360,600,0,152,234,65,147,6724,0.0311,7931,30864
85,360,600,1,376,458,48,130,6724,0.0311,7931,30864
86,360,600,0,144,242,46,144,9604,0.0445,8034,30864
87,360,600,1,368,450,48,130,6724,0.0311,8034,30864
88,360,600,0,236,284,48,95,2256,0.0104,8137,30864
89,360,600,0,244,300,39,96,3192,0.0148,8240,30864
90,360,600,0,231,279,62,110,2304,0.0107,8343,30864
91,360,600,0,129,168,53,93,1560,0.0072,8446,30864
92,360,600,1,303,351,62,110,2304,0.0107,8446,30864
93,360,600,2,438,485,43,90,2209,0.0102,8446,30864
94,360,600,0,318,365,62,110,2256,0.0104,8549,30864
95,360,600,1,126,173,48,95,2209,0.0102,8549,30864
96,360,600,2,428,476,48,95,2256,0.0104,8549,30864
97,360,600,0,92,140,53,100,2256,0.0104,8652,30864
98,360,600,1,193,240,77,124,2209,0.0102,8652,30864
99,360,600,2,364,421,62,119,3249,0.015,8652,30864
100,360,600,0,353,392,101,141,1560,0.0072,8755,30864
101,360,600,1,217,256,53,93,1560,0.0072,8755,30864
102,360,600,0,209,248,41,81,1560,0.0072,8858,30864
103,360,600,0,265,304,33,73,1560,0.0072,9064,30864
104,360,600,0,269,308,37,77,1560,0.0072,9167,30864
105,360,600,0,301,340,37,77,1560,0.0072,9270,30864
106,360,600,0,244,326,48,130,6724,0.0311,9476,30864
107,360,600,0,269,351,65,147,6724,0.0311,9579,30864
108,360,600,0,253,351,36,134,9604,0.0445,9682,30864
109,360,600,0,235,317,65,147,6724,0.0311,9785,30864
110,360,600,0,193,240,101,148,2209,0.0102,9991,30864
111,360,600,0,230,299,90,158,4692,0.0217,10094,30864
112,360,600,1,347,404,108,165,3249,0.015,10094,30864
113,360,600,0,238,295,85,142,3249,0.015,10197,30864
114,360,600,1,347,404,119,176,3249,0.015,10197,30864
115,360,600,0,355,423,83,151,4624,0.0214,10300,30864
116,360,600,1,237,306,69,138,4761,0.022,10300,30864
117,360,600,0,244,312,83,151,4624,0.0214,10403,30864
118,360,600,1,370,427,91,148,3249,0.015,10403,30864
119,360,600,0,376,433,131,188,3249,0.015,10506,30864
120,360,600,1,290,346,85,142,3192,0.0148,10506,30864
121,360,600,0,447,495,91,138,2256,0.0104,11536,30864
122,360,600,1,301,358,79,136,3249,0.015,11536,30864
123,360,600,2,213,252,89,129,1560,0.0072,11536,30864
124,360,600,0,303,351,81,129,2304,0.0107,11639,30864
125,360,600,1,457,504,91,138,2209,0.0102,11639,30864
126,360,600,2,217,256,93,133,1560,0.0072,11639,30864
127,360,600,0,217,256,93,133,1560,0.0072,11742,30864
128,360,600,1,303,351,91,138,2256,0.0104,11742,30864
129,360,600,2,452,500,91,138,2256,0.0104,11742,30864
130,360,600,0,303,351,86,134,2304,0.0107,11845,30864
131,360,600,1,457,496,97,137,1560,0.0072,11845,30864
132,360,600,2,217,256,93,133,1560,0.0072,11845,30864
133,360,600,0,223,321,36,134,9604,0.0445,11948,30864
134,360,600,0,303,351,86,134,2304,0.0107,12051,30864
135,360,600,1,213,252,89,129,1560,0.0072,12051,30864
136,360,600,2,452,500,91,138,2256,0.0104,12051,30864
137,360,600,0,461,500,93,133,1560,0.0072,12154,30864
138,360,600,1,303,351,86,134,2304,0.0107,12154,30864
139,360,600,2,209,248,93,133,1560,0.0072,12154,30864
140,360,600,0,294,341,91,138,2209,0.0102,12257,30864
141,360,600,1,452,500,91,138,2256,0.0104,12257,30864
142,360,600,2,217,256,93,133,1560,0.0072,12257,30864
143,360,600,0,233,331,66,164,9604,0.0445,12360,30864
144,360,600,0,457,504,91,138,2209,0.0102,12463,30864
145,360,600,1,229,268,93,133,1560,0.0072,12463,30864
146,360,600,2,313,360,129,177,2256,0.0104,12463,30864
147,360,600,0,263,361,66,164,9604,0.0445,12566,30864
148,360,600,0,224,292,104,172,4624,0.0214,12669,30864
149,360,600,1,128,185,73,130,3249,0.015,12669,30864
150,360,600,2,434,490,85,142,3192,0.0148,12669,30864
151,360,600,0,445,502,91,148,3249,0.015,12772,30864
152,360,600,1,258,326,83,151,4624,0.0214,12772,30864
153,360,600,2,128,185,79,136,3249,0.015,12772,30864
154,360,600,0,263,361,115,214,9702,0.0449,12875,30864
155,360,600,0,273,371,66,164,9604,0.0445,12978,30864
156,360,600,0,233,331,115,214,9702,0.0449,13081,30864
157,360,600,0,243,341,115,214,9702,0.0449,13184,30864
158,360,600,0,243,361,70,188,13924,0.0645,13287,30864
159,360,600,0,231,349,70,188,13924,0.0645,13390,30864
160,360,600,0,461,500,109,149,1560,0.0072,13493,30864
161,360,600,1,261,300,105,145,1560,0.0072,13493,30864
162,360,600,0,465,504,113,153,1560,0.0072,13596,30864
163,360,600,1,253,292,105,145,1560,0.0072,13596,30864
164,360,600,2,313,352,105,145,1560,0.0072,13596,30864
165,360,600,0,137,176,109,149,1560,0.0072,13699,30864
166,360,600,1,303,351,105,153,2304,0.0107,13699,30864
167,360,600,2,417,456,121,161,1560,0.0072,13699,30864
168,360,600,0,165,204,61,101,1560,0.0072,14832,30864
169,360,600,0,300,368,49,117,4624,0.0214,14935,30864
170,360,600,0,101,140,65,105,1560,0.0072,15038,30864
171,360,600,1,451,508,39,96,3249,0.015,15038,30864
172,360,600,0,302,384,48,130,6724,0.0311,15141,30864
173,360,600,0,428,485,27,84,3249,0.015,15244,30864
174,360,600,1,131,178,62,110,2256,0.0104,15244,30864
175,360,600,0,131,178,62,110,2256,0.0104,15347,30864
176,360,600,0,347,404,50,107,3249,0.015,15450,30864
177,360,600,1,135,183,62,110,2304,0.0107,15450,30864
178,360,600,0,71,128,56,113,3249,0.015,15553,30864
179,360,600,1,351,399,38,86,2304,0.0107,15553,30864
180,360,600,0,272,340,49,117,4624,0.0214,15656,30864
181,360,600,0,265,333,42,110,4624,0.0214,15759,30864
182,360,600,0,284,341,39,96,3249,0.015,15862,30864
183,360,600,0,305,344,41,81,1560,0.0072,16068,30864
184,360,600,0,145,192,48,95,2209,0.0102,16171,30864
185,360,600,0,293,332,33,73,1560,0.0072,16274,30864
186,360,600,0,285,324,37,77,1560,0.0072,16686,30864
187,360,600,0,375,423,62,110,2304,0.0107,16892,30864
188,360,600,1,123,179,68,125,3192,0.0148,16892,30864
189,360,600,0,399,447,62,110,2304,0.0107,16995,30864
190,360,600,1,180,237,56,113,3249,0.015,16995,30864
191,360,600,0,134,202,76,145,4692,0.0217,17201,30864
192,360,600,1,401,483,40,122,6724,0.0311,17201,30864
193,360,600,0,146,202,102,159,3192,0.0148,17304,30864
194,360,600,0,141,209,76,145,4692,0.0217,17407,30864
195,360,600,0,388,444,194,251,3192,0.0148,18128,30864
196,360,600,1,186,243,33,90,3249,0.015,18128,30864
197,360,600,0,388,444,183,240,3192,0.0148,18231,30864
198,360,600,1,212,260,53,100,2256,0.0104,18231,30864
199,360,600,0,380,428,201,249,2304,0.0107,18334,30864
200,360,600,1,197,254,50,107,3249,0.015,18334,30864
201,360,600,0,376,433,183,240,3249,0.015,18437,30864
202,360,600,1,215,272,62,119,3249,0.015,18437,30864
203,360,600,0,382,439,148,205,3249,0.015,18540,30864
204,360,600,1,278,335,79,136,3249,0.015,18540,30864
205,360,600,0,390,437,197,244,2209,0.0102,18643,30864
206,360,600,0,399,447,192,239,2256,0.0104,18746,30864
207,360,600,1,290,346,125,182,3192,0.0148,18746,30864
208,360,600,0,359,416,45,101,3192,0.0148,18849,30864
209,360,600,1,177,259,198,279,6642,0.0307,18849,30864
210,360,600,0,343,425,140,221,6642,0.0307,18952,30864
211,360,600,0,343,425,131,213,6724,0.0311,19055,30864
212,360,600,0,343,425,131,213,6724,0.0311,19158,30864
213,360,600,1,202,284,73,155,6724,0.0311,19158,30864
214,360,600,0,335,417,140,221,6642,0.0307,19261,30864
215,360,600,0,404,452,153,201,2304,0.0107,19364,30864
216,360,600,0,395,442,177,225,2256,0.0104,19467,30864
217,360,600,0,393,450,183,240,3249,0.015,19570,30864
218,360,600,0,399,456,166,222,3192,0.0148,19673,30864
219,360,600,0,238,295,39,96,3249,0.015,19776,30864
220,360,600,1,399,456,166,222,3192,0.0148,19776,30864
221,360,600,0,382,439,171,228,3249,0.015,19879,30864
222,360,600,1,238,295,68,125,3249,0.015,19879,30864
223,360,600,0,213,312,185,283,9702,0.0449,19982,30864
224,360,600,1,355,423,28,96,4624,0.0214,19982,30864
225,360,600,0,196,264,21,89,4624,0.0214,20085,30864
226,360,600,1,370,427,183,240,3249,0.015,20085,30864
227,360,600,0,385,432,201,249,2256,0.0104,20188,30864
228,360,600,0,370,427,194,251,3249,0.015,20291,30864
229,360,600,1,209,266,68,125,3249,0.015,20291,30864
230,360,600,0,425,464,145,185,1560,0.0072,20909,30864
231,360,600,0,272,340,138,207,4692,0.0217,21424,30864
232,360,600,0,359,416,102,159,3249,0.015,21527,30864
233,360,600,0,251,319,97,165,4624,0.0214,22042,30864
234,360,600,0,154,223,111,179,4692,0.0217,22660,30864
235,360,600,0,269,351,65,147,6724,0.0311,23793,30864
236,360,600,0,203,271,83,151,4624,0.0214,23896,30864
237,360,600,1,335,417,48,130,6724,0.0311,23896,30864
238,360,600,0,203,271,83,151,4624,0.0214,23999,30864
239,360,600,0,182,250,69,138,4692,0.0217,24102,30864
240,360,600,0,334,402,62,131,4692,0.0217,24205,30864
241,360,600,0,174,231,73,130,3249,0.015,24308,30864
242,360,600,1,301,358,73,130,3249,0.015,24308,30864
243,360,600,0,182,250,62,131,4692,0.0217,24411,30864
244,360,600,1,306,375,49,117,4692,0.0217,24411,30864
245,360,600,0,376,444,28,96,4624,0.0214,24514,30864
246,360,600,1,180,237,79,136,3249,0.015,24514,30864
247,360,600,0,215,356,31,172,19881,0.092,25647,30864
248,360,600,0,243,361,70,188,13924,0.0645,25750,30864
249,360,600,0,161,200,57,97,1560,0.0072,25956,30864
250,360,600,0,164,212,53,100,2256,0.0104,26162,30864
251,360,600,0,164,212,43,90,2256,0.0104,26265,30864
252,360,600,0,169,208,53,93,1560,0.0072,26368,30864
253,360,600,0,317,356,237,277,1560,0.0072,26471,30864
254,360,600,1,164,212,53,100,2256,0.0104,26471,30864
255,360,600,0,231,349,106,224,13924,0.0645,26574,30864
256,360,600,0,217,264,134,182,2256,0.0104,26677,30864
257,360,600,1,126,173,33,81,2256,0.0104,26677,30864
258,360,600,0,229,268,165,205,1560,0.0072,26883,30864
259,360,600,1,113,152,41,81,1560,0.0072,26883,30864
260,360,600,0,207,325,94,212,13924,0.0645,27089,30864
261,360,600,0,211,292,106,188,6642,0.0307,27192,30864
262,360,600,1,335,417,81,163,6724,0.0311,27192,30864
263,360,600,0,219,301,98,180,6724,0.0311,27295,30864
264,360,600,1,333,431,66,164,9604,0.0445,27295,30864
265,360,600,0,260,342,123,205,6724,0.0311,27398,30864
266,360,600,0,219,301,98,180,6724,0.0311,27501,30864
267,360,600,0,145,184,45,85,1560,0.0072,27707,30864
268,360,600,0,421,460,137,177,1560,0.0072,27810,30864
269,360,600,0,273,312,145,185,1560,0.0072,27913,30864
270,360,600,0,393,432,173,213,1560,0.0072,28119,30864
271,360,600,0,330,387,177,234,3249,0.015,28325,30864
272,360,600,0,419,466,110,158,2256,0.0104,28428,30864
273,360,600,0,332,380,177,225,2304,0.0107,28531,30864
274,360,600,1,416,473,114,171,3249,0.015,28531,30864
275,360,600,0,193,240,38,86,2256,0.0104,29767,30864
276,360,600,1,337,384,81,129,2256,0.0104,29767,30864
277,360,600,0,357,396,85,125,1560,0.0072,29870,30864
278,360,600,1,212,260,33,81,2304,0.0107,29870,30864
279,360,600,0,169,208,57,97,1560,0.0072,30076,30864
280,360,600,0,185,224,57,97,1560,0.0072,30179,30864
281,360,600,0,272,329,102,159,3249,0.015,30282,30864
282,360,600,0,251,319,42,110,4624,0.0214,30385,30864
283,360,600,0,244,312,42,110,4624,0.0214,30488,30864
284,360,600,0,196,264,35,103,4624,0.0214,30591,30864
285,360,600,0,356,404,81,129,2304,0.0107,30694,30864
286,360,600,1,189,257,69,138,4692,0.0217,30694,30864
287,360,600,0,307,364,62,119,3249,0.015,30797,30864
288,360,600,1,203,271,56,124,4624,0.0214,30797,30864
289,360,600,0,286,354,111,179,4624,0.0214,30900,30864
290,360,600,0,401,440,61,101,1560,0.0072,31106,30864
291,360,600,0,237,276,49,89,1560,0.0072,31209,30864
292,360,600,0,245,284,45,85,1560,0.0072,31312,30864
293,360,600,0,341,380,105,145,1560,0.0072,31518,30864
294,360,600,1,193,232,109,149,1560,0.0072,31518,30864
295,360,600,0,349,388,117,157,1560,0.0072,31621,30864
296,360,600,1,141,180,113,153,1560,0.0072,31621,30864
297,360,600,0,341,380,113,153,1560,0.0072,31724,30864
298,360,600,1,213,252,101,141,1560,0.0072,31724,30864
299,360,600,0,193,240,53,100,2209,0.0102,32445,30864
300,360,600,1,380,428,33,81,2304,0.0107,32445,30864
301,360,600,0,197,254,50,107,3249,0.015,32548,30864
302,360,600,1,366,413,43,90,2209,0.0102,32548,30864
303,360,600,0,263,361,76,174,9604,0.0445,32651,30864
304,360,600,0,388,444,33,90,3192,0.0148,32754,30864
305,360,600,1,241,288,62,110,2256,0.0104,32754,30864
306,360,600,0,307,364,154,211,3249,0.015,32960,30864
307,360,600,1,150,197,86,134,2256,0.0104,32960,30864
308,360,600,0,330,387,143,199,3192,0.0148,33063,30864
309,360,600,1,140,188,53,100,2256,0.0104,33063,30864
310,360,600,0,336,393,137,194,3249,0.015,33166,30864
311,360,600,1,145,192,43,90,2209,0.0102,33166,30864
312,360,600,0,267,323,125,182,3192,0.0148,33269,30864
313,360,600,0,161,243,123,205,6724,0.0311,33372,30864
314,360,600,1,65,122,96,153,3249,0.015,33372,30864
315,360,600,2,219,301,90,172,6724,0.0311,33372,30864
316,360,600,0,224,292,104,172,4624,0.0214,33475,30864
317,360,600,0,335,417,81,163,6724,0.0311,33578,30864
318,360,600,1,258,326,125,193,4624,0.0214,33578,30864
319,360,600,0,235,317,123,205,6724,0.0311,33784,30864
320,360,600,1,310,392,81,163,6724,0.0311,33784,30864
321,360,600,0,269,351,73,155,6724,0.0311,33887,30864
322,360,600,1,177,259,123,205,6724,0.0311,33887,30864
323,360,600,0,318,400,65,147,6724,0.0311,33990,30864
324,360,600,0,189,257,118,186,4624,0.0214,34093,30864
325,360,600,0,182,250,152,221,4692,0.0217,34196,30864
326,360,600,1,335,417,65,147,6724,0.0311,34196,30864
327,360,600,0,171,289,118,236,13924,0.0645,34299,30864
328,360,600,0,183,301,106,224,13924,0.0645,34402,30864
329,360,600,0,210,278,69,138,4692,0.0217,34505,30864
330,360,600,1,44,92,120,167,2256,0.0104,34505,30864
331,360,600,2,335,417,48,130,6724,0.0311,34505,30864
332,360,600,0,230,299,69,138,4761,0.022,34608,30864
333,360,600,1,341,409,69,138,4692,0.0217,34608,30864
334,360,600,2,186,243,143,199,3192,0.0148,34608,30864
335,360,600,3,53,110,114,171,3249,0.015,34608,30864
336,360,600,0,265,333,76,145,4692,0.0217,34711,30864
337,360,600,1,376,444,76,145,4692,0.0217,34711,30864
338,360,600,0,196,264,90,158,4624,0.0214,34814,30864
339,360,600,1,313,382,69,138,4761,0.022,34814,30864
340,360,600,0,182,250,104,172,4624,0.0214,34917,30864
341,360,600,1,293,361,83,151,4624,0.0214,34917,30864
342,360,600,0,327,395,83,151,4624,0.0214,35020,30864
343,360,600,0,161,243,81,163,6724,0.0311,35123,30864
344,360,600,1,293,391,66,164,9604,0.0445,35123,30864
345,360,600,0,161,243,98,180,6724,0.0311,35226,30864
346,360,600,1,277,359,73,155,6724,0.0311,35226,30864
347,360,600,0,182,250,111,179,4624,0.0214,35329,30864
348,360,600,1,293,375,65,147,6724,0.0311,35329,30864
349,360,600,0,361,400,177,217,1560,0.0072,35535,30864
350,360,600,0,189,257,83,151,4624,0.0214,35638,30864
351,360,600,1,382,451,83,151,4692,0.0217,35638,30864
352,360,600,0,196,264,83,151,4624,0.0214,35741,30864
353,360,600,0,134,202,69,138,4692,0.0217,35844,30864
354,360,600,0,127,195,69,138,4692,0.0217,35947,30864
355,360,600,0,144,226,73,155,6724,0.0311,36050,30864
356,360,600,1,376,444,97,165,4624,0.0214,36050,30864
357,360,600,0,175,243,76,145,4692,0.0217,36153,30864
358,360,600,1,369,437,104,172,4624,0.0214,36153,30864
359,360,600,0,136,218,57,138,6642,0.0307,36256,30864
360,360,600,1,417,485,97,165,4624,0.0214,36256,30864
361,360,600,0,196,264,83,151,4624,0.0214,36359,30864
362,360,600,1,355,423,97,165,4624,0.0214,36359,30864
363,360,600,0,231,279,139,186,2256,0.0104,36462,30864
364,360,600,1,342,389,158,206,2256,0.0104,36462,30864
365,360,600,2,128,185,22,78,3192,0.0148,36462,30864
366,360,600,0,222,269,163,210,2209,0.0102,36565,30864
367,360,600,1,369,408,181,221,1560,0.0072,36565,30864
368,360,600,2,289,328,41,81,1560,0.0072,36565,30864
369,360,600,0,231,279,163,210,2256,0.0104,36668,30864
370,360,600,1,341,380,181,221,1560,0.0072,36668,30864
371,360,600,2,313,352,53,93,1560,0.0072,36668,30864
372,360,600,0,217,264,158,206,2256,0.0104,36771,30864
373,360,600,1,273,312,49,89,1560,0.0072,36771,30864
374,360,600,0,330,387,96,153,3249,0.015,36874,30864
375,360,600,1,457,514,96,153,3249,0.015,36874,30864
376,360,600,2,65,133,83,151,4624,0.0214,36874,30864
377,360,600,0,437,476,61,101,1560,0.0072,37904,30864
378,360,600,0,397,436,49,89,1560,0.0072,38007,30864
379,360,600,1,285,324,181,221,1560,0.0072,38007,30864
380,360,600,0,429,468,49,89,1560,0.0072,38110,30864
381,360,600,1,289,328,73,113,1560,0.0072,38110,30864
382,360,600,0,297,336,177,217,1560,0.0072,38213,30864
383,360,600,1,361,400,85,125,1560,0.0072,38213,30864
384,360,600,0,325,364,69,109,1560,0.0072,38316,30864
385,360,600,1,301,340,193,233,1560,0.0072,38316,30864
386,360,600,0,205,244,49,89,1560,0.0072,38419,30864
387,360,600,1,337,376,197,237,1560,0.0072,38419,30864
388,360,600,0,227,309,73,155,6724,0.0311,38522,30864
389,360,600,1,219,301,173,255,6724,0.0311,38522,30864
390,360,600,0,277,359,81,163,6724,0.0311,38625,30864
391,360,600,0,318,400,57,138,6642,0.0307,38728,30864
392,360,600,0,336,393,56,113,3249,0.015,38831,30864
393,360,600,1,169,226,235,292,3249,0.015,38831,30864
394,360,600,0,169,226,68,125,3249,0.015,38934,30864
395,360,600,1,348,416,83,151,4624,0.0214,38934,30864
396,360,600,0,361,400,61,101,1560,0.0072,39140,30864
397,360,600,0,243,341,76,174,9604,0.0445,39243,30864
398,360,600,0,462,509,43,90,2209,0.0102,39346,30864
399,360,600,1,244,300,56,113,3192,0.0148,39346,30864
400,360,600,0,452,500,48,95,2256,0.0104,39449,30864
401,360,600,1,186,243,96,153,3249,0.015,39449,30864
402,360,600,0,171,289,70,188,13924,0.0645,39552,30864
403,360,600,0,305,344,41,81,1560,0.0072,40376,30864
404,360,600,1,165,204,53,93,1560,0.0072,40376,30864
405,360,600,0,313,360,38,86,2256,0.0104,40479,30864
406,360,600,1,145,192,43,90,2209,0.0102,40479,30864
407,360,600,2,404,452,67,114,2256,0.0104,40479,30864
408,360,600,0,308,356,38,86,2304,0.0107,40582,30864
409,360,600,1,135,183,48,95,2256,0.0104,40582,30864
410,360,600,0,318,365,43,90,2209,0.0102,40685,30864
411,360,600,1,183,231,62,110,2304,0.0107,40685,30864
412,360,600,0,220,277,68,125,3249,0.015,40788,30864
413,360,600,0,209,266,73,130,3249,0.015,40891,30864
414,360,600,1,318,375,68,125,3249,0.015,40891,30864
415,360,600,0,327,395,42,110,4624,0.0214,40994,30864
416,360,600,1,197,254,91,148,3249,0.015,40994,30864
417,360,600,0,306,375,111,179,4692,0.0217,41303,30864
418,360,600,0,251,319,138,207,4692,0.0217,41509,30864
419,360,600,1,302,384,90,172,6724,0.0311,41509,30864
420,360,600,0,324,381,73,130,3249,0.015,41612,30864
421,360,600,0,269,351,98,180,6724,0.0311,41715,30864
422,360,600,1,231,279,43,90,2256,0.0104,41715,30864
423,360,600,0,257,296,21,61,1560,0.0072,42230,30864
424,360,600,0,222,269,28,76,2256,0.0104,42333,30864
425,360,600,0,183,231,101,148,2256,0.0104,42436,30864
426,360,600,1,345,384,133,173,1560,0.0072,42436,30864
427,360,600,0,203,260,91,148,3249,0.015,42642,30864
428,360,600,0,244,312,62,131,4692,0.0217,42745,30864
429,360,600,1,359,416,79,136,3249,0.015,42745,30864
430,360,600,0,175,243,62,131,4692,0.0217,42848,30864
431,360,600,1,364,421,91,148,3249,0.015,42848,30864
432,360,600,0,313,411,66,164,9604,0.0445,42951,30864
433,360,600,1,136,218,65,147,6724,0.0311,42951,30864
434,360,600,0,313,411,66,164,9604,0.0445,43054,30864
435,360,600,0,211,292,73,155,6642,0.0307,43157,30864
436,360,600,0,183,301,70,188,13924,0.0645,43260,30864
437,360,600,0,203,302,76,174,9702,0.0449,43363,30864
438,360,600,0,343,441,66,164,9604,0.0445,43466,30864
439,360,600,0,323,421,76,174,9604,0.0445,43569,30864
440,360,600,1,124,222,56,154,9604,0.0445,43569,30864
441,360,600,0,303,401,66,164,9604,0.0445,43672,30864
442,360,600,1,124,222,36,134,9604,0.0445,43672,30864
443,360,600,0,327,409,73,155,6724,0.0311,43775,30864
444,360,600,0,233,331,56,154,9604,0.0445,43878,30864
445,360,600,0,313,411,56,154,9604,0.0445,43981,30864
446,360,600,1,134,232,26,124,9604,0.0445,43981,30864
447,360,600,0,313,411,66,164,9604,0.0445,44084,30864
448,360,600,0,329,368,121,161,1560,0.0072,44290,30864
449,360,600,0,303,351,96,143,2256,0.0104,44393,30864
450,360,600,1,265,312,120,167,2209,0.0102,44393,30864
451,360,600,0,281,320,125,165,1560,0.0072,44496,30864
452,360,600,1,313,360,96,143,2209,0.0102,44496,30864
453,360,600,0,275,322,115,162,2209,0.0102,44599,30864
454,360,600,1,318,365,96,143,2209,0.0102,44599,30864
455,360,600,0,323,370,86,134,2256,0.0104,44702,30864
456,360,600,1,297,336,117,157,1560,0.0072,44702,30864
457,360,600,0,293,332,121,161,1560,0.0072,44805,30864
458,360,600,1,323,370,86,134,2256,0.0104,44805,30864
459,360,600,0,318,365,86,134,2256,0.0104,44908,30864
460,360,600,1,289,328,117,157,1560,0.0072,44908,30864
461,360,600,0,197,236,169,209,1560,0.0072,45011,30864
462,360,600,1,337,376,177,217,1560,0.0072,45011,30864
463,360,600,0,217,256,65,105,1560,0.0072,45114,30864
464,360,600,0,217,256,65,105,1560,0.0072,45217,30864
465,360,600,0,181,220,105,145,1560,0.0072,45629,30864
466,360,600,0,270,317,48,95,2209,0.0102,45732,30864
467,360,600,1,353,392,81,121,1560,0.0072,45732,30864
468,360,600,0,270,317,57,105,2256,0.0104,45835,30864
469,360,600,1,313,352,89,129,1560,0.0072,45835,30864
470,360,600,0,260,308,57,105,2304,0.0107,45938,30864
471,360,600,0,255,312,39,96,3249,0.015,46041,30864
472,360,600,1,337,384,81,129,2256,0.0104,46041,30864
473,360,600,0,332,380,110,158,2304,0.0107,46144,30864
474,360,600,0,324,381,108,165,3249,0.015,46247,30864
475,360,600,0,359,416,114,171,3249,0.015,46350,30864
476,360,600,1,272,340,42,110,4624,0.0214,46350,30864
477,360,600,0,324,381,125,182,3249,0.015,46453,30864
478,360,600,1,258,326,49,117,4624,0.0214,46453,30864
479,360,600,0,313,382,125,193,4692,0.0217,46556,30864
480,360,600,1,252,334,73,155,6724,0.0311,46556,30864
481,360,600,0,272,340,69,138,4692,0.0217,46659,30864
482,360,600,0,236,284,110,158,2304,0.0107,46762,30864
483,360,600,0,200,342,102,244,20164,0.0934,46865,30864
484,360,600,0,272,414,74,215,20022,0.0927,46968,30864
485,360,600,0,195,313,106,224,13924,0.0645,47071,30864
486,360,600,0,272,414,74,215,20022,0.0927,47174,30864
487,360,600,0,258,399,74,215,19881,0.092,47277,30864
488,360,600,0,265,333,62,131,4692,0.0217,47689,30864
489,360,600,0,272,414,102,244,20164,0.0934,47792,30864
490,360,600,0,308,356,57,105,2304,0.0107,47895,30864
491,360,600,0,243,385,88,230,20164,0.0934,47998,30864
492,360,600,0,207,376,72,241,28561,0.1322,48101,30864
493,360,600,0,121,290,72,241,28561,0.1322,48307,30864
494,360,600,1,344,514,192,360,28560,0.1322,48307,30864
495,360,600,0,260,342,65,147,6724,0.0311,48822,30864
496,360,600,0,269,351,57,138,6642,0.0307,48925,30864
497,360,600,0,252,334,73,155,6724,0.0311,49028,30864
498,360,600,0,252,334,65,147,6724,0.0311,49131,30864
499,360,600,0,252,334,65,147,6724,0.0311,49234,30864
500,360,600,0,219,301,57,138,6642,0.0307,49337,30864
501,360,600,0,260,342,65,147,6724,0.0311,49440,30864
502,360,600,0,252,334,73,155,6724,0.0311,49543,30864
503,360,600,0,215,272,171,228,3249,0.015,49646,30864
504,360,600,1,111,168,96,153,3249,0.015,49646,30864
505,360,600,0,175,243,76,145,4692,0.0217,49749,30864
506,360,600,0,192,249,79,136,3249,0.015,49852,30864
507,360,600,0,175,243,69,138,4692,0.0217,49955,30864
508,360,600,0,291,409,94,212,13924,0.0645,50058,30864
509,360,600,0,183,301,82,200,13924,0.0645,50161,30864
510,360,600,0,171,289,94,212,13924,0.0645,50264,30864
511,360,600,0,329,471,102,244,20164,0.0934,50367,30864
512,360,600,0,258,399,74,215,19881,0.092,50470,30864
513,360,600,0,315,432,118,236,13806,0.0639,50573,30864
514,360,600,0,143,285,74,215,20022,0.0927,50676,30864
515,360,600,1,327,497,158,327,28730,0.133,50676,30864
516,360,600,0,272,414,74,215,20022,0.0927,50779,30864
517,360,600,0,338,456,106,224,13924,0.0645,50882,30864
518,360,600,0,279,397,94,212,13924,0.0645,50985,30864
519,360,600,0,159,277,82,200,13924,0.0645,51088,30864
520,360,600,0,196,264,111,179,4624,0.0214,51500,30864
521,360,600,1,269,351,65,147,6724,0.0311,51500,30864
522,360,600,0,196,264,111,179,4624,0.0214,51603,30864
523,360,600,1,269,351,65,147,6724,0.0311,51603,30864
524,360,600,0,203,271,111,179,4624,0.0214,51706,30864
525,360,600,1,277,359,65,147,6724,0.0311,51706,30864
526,360,600,0,196,264,104,172,4624,0.0214,51809,30864
527,360,600,1,285,367,57,138,6642,0.0307,51809,30864
528,360,600,0,210,278,111,179,4624,0.0214,51912,30864
529,360,600,1,277,359,65,147,6724,0.0311,51912,30864
530,360,600,0,203,271,111,179,4624,0.0214,52015,30864
531,360,600,1,277,359,57,138,6642,0.0307,52015,30864
532,360,600,0,182,250,104,172,4624,0.0214,52118,30864
533,360,600,1,269,351,57,138,6642,0.0307,52118,30864
534,360,600,0,182,250,111,179,4624,0.0214,52221,30864
535,360,600,1,269,351,65,147,6724,0.0311,52221,30864
536,360,600,0,182,250,104,172,4624,0.0214,52324,30864
537,360,600,1,269,351,65,147,6724,0.0311,52324,30864
538,360,600,0,189,257,104,172,4624,0.0214,52427,30864
539,360,600,0,183,301,94,212,13924,0.0645,52530,30864
540,360,600,0,159,277,94,212,13924,0.0645,52633,30864
541,360,600,0,193,292,96,194,9702,0.0449,52736,30864
542,360,600,0,424,492,42,110,4624,0.0214,53148,30864
543,360,600,0,224,292,56,124,4624,0.0214,53251,30864
544,360,600,0,265,333,42,110,4624,0.0214,53354,30864
545,360,600,0,133,172,125,165,1560,0.0072,53457,30864
546,360,600,0,121,160,117,157,1560,0.0072,53560,30864
547,360,600,0,121,160,117,157,1560,0.0072,53663,30864
548,360,600,0,121,160,117,157,1560,0.0072,53766,30864
549,360,600,1,229,268,85,125,1560,0.0072,53766,30864
550,360,600,0,129,168,121,161,1560,0.0072,53869,30864
551,360,600,0,129,168,121,161,1560,0.0072,53972,30864
552,360,600,1,189,228,113,153,1560,0.0072,53972,30864
553,360,600,0,197,236,121,161,1560,0.0072,54075,30864
554,360,600,1,129,168,117,157,1560,0.0072,54075,30864
555,360,600,0,362,430,83,151,4624,0.0214,54178,30864
556,360,600,1,169,251,90,172,6724,0.0311,54178,30864
557,360,600,0,389,458,104,172,4692,0.0217,54281,30864
558,360,600,1,154,223,90,158,4692,0.0217,54281,30864
559,360,600,0,417,485,97,165,4624,0.0214,54384,30864
560,360,600,1,182,250,97,165,4624,0.0214,54384,30864
561,360,600,0,389,458,97,165,4692,0.0217,54487,30864
562,360,600,1,94,176,57,138,6642,0.0307,54487,30864
563,360,600,0,161,230,83,151,4692,0.0217,54590,30864
564,360,600,1,369,437,90,158,4624,0.0214,54590,30864
565,360,600,0,175,243,90,158,4624,0.0214,54693,30864
566,360,600,1,417,485,104,172,4624,0.0214,54693,30864
567,360,600,0,410,478,111,179,4624,0.0214,54796,30864
568,360,600,1,168,236,90,158,4624,0.0214,54796,30864
569,360,600,0,393,475,90,172,6724,0.0311,54899,30864
570,360,600,1,161,230,90,158,4692,0.0217,54899,30864
571,360,600,0,410,478,104,172,4624,0.0214,55002,30864
572,360,600,1,175,243,83,151,4624,0.0214,55002,30864
573,360,600,0,403,471,104,172,4624,0.0214,55105,30864
574,360,600,1,161,230,83,151,4692,0.0217,55105,30864
575,360,600,0,410,478,118,186,4624,0.0214,55208,30864
576,360,600,1,71,140,69,138,4761,0.022,55208,30864
577,360,600,0,197,254,102,159,3249,0.015,55620,30864
578,360,600,0,174,231,102,159,3249,0.015,55723,30864
579,360,600,0,157,214,108,165,3249,0.015,55826,30864
580,360,600,0,349,388,113,153,1560,0.0072,55929,30864
581,360,600,0,149,188,105,145,1560,0.0072,56032,30864
582,360,600,0,149,188,105,145,1560,0.0072,56135,30864
583,360,600,1,377,416,101,141,1560,0.0072,56135,30864
584,360,600,2,241,280,233,273,1560,0.0072,56135,30864
585,360,600,0,141,180,85,125,1560,0.0072,56238,30864
586,360,600,0,215,356,59,201,20022,0.0927,56341,30864
587,360,600,0,267,385,82,200,13924,0.0645,56444,30864
588,360,600,0,243,361,82,200,13924,0.0645,56547,30864
589,360,600,0,409,448,85,125,1560,0.0072,56650,30864
590,360,600,0,131,178,149,196,2209,0.0102,56959,30864
591,360,600,0,137,176,161,201,1560,0.0072,57062,30864
592,360,600,1,185,224,281,321,1560,0.0072,57062,30864
593,360,600,0,149,188,145,185,1560,0.0072,57165,30864
594,360,600,1,197,236,281,321,1560,0.0072,57165,30864
595,360,600,0,327,409,115,197,6724,0.0311,57680,30864
596,360,600,0,323,421,105,204,9702,0.0449,57783,30864
597,360,600,0,333,431,105,204,9702,0.0449,57886,30864
598,360,600,0,335,417,115,197,6724,0.0311,57989,30864
599,360,600,0,313,411,105,204,9702,0.0449,58092,30864
600,360,600,0,283,381,86,184,9604,0.0445,58195,30864
601,360,600,0,303,401,66,164,9604,0.0445,58298,30864
602,360,600,0,211,292,57,138,6561,0.0304,58401,30864
603,360,600,0,203,302,66,164,9702,0.0449,58504,30864
604,360,600,0,273,371,86,184,9604,0.0445,58607,30864
605,360,600,0,318,400,123,205,6724,0.0311,58710,30864
606,360,600,1,223,321,56,154,9604,0.0445,58710,30864
607,360,600,0,289,328,49,89,1560,0.0072,59122,30864
608,360,600,0,154,223,69,138,4761,0.022,59225,30864
609,360,600,1,318,400,73,155,6724,0.0311,59225,30864
610,360,600,0,141,209,76,145,4692,0.0217,59328,30864
611,360,600,1,343,441,66,164,9604,0.0445,59328,30864
612,360,600,0,197,236,69,109,1560,0.0072,59431,30864
613,360,600,0,183,231,62,110,2304,0.0107,59534,30864
614,360,600,0,371,418,62,110,2256,0.0104,59637,30864
615,360,600,0,261,300,49,89,1560,0.0072,59740,30864
616,360,600,0,269,351,40,122,6724,0.0311,59946,30864
617,360,600,0,219,301,65,147,6724,0.0311,60049,30864
618,360,600,0,173,212,49,89,1560,0.0072,60152,30864
619,360,600,0,89,128,73,113,1560,0.0072,60564,30864
620,360,600,0,286,354,69,138,4692,0.0217,62624,30864
621,360,600,0,300,368,56,124,4624,0.0214,62727,30864
622,360,600,0,342,389,53,100,2209,0.0102,62830,30864
623,360,600,0,337,384,38,86,2256,0.0104,63551,30864
624,360,600,1,417,485,35,103,4624,0.0214,63551,30864
625,360,600,2,203,271,69,138,4692,0.0217,63551,30864
626,360,600,3,117,156,33,73,1560,0.0072,63551,30864
627,360,600,0,105,144,37,77,1560,0.0072,63654,30864
628,360,600,1,186,268,57,138,6642,0.0307,63654,30864
629,360,600,2,327,375,38,86,2304,0.0107,63654,30864
630,360,600,3,410,492,23,105,6724,0.0311,63654,30864
631,360,600,0,332,380,38,86,2304,0.0107,63757,30864
632,360,600,1,230,299,76,145,4761,0.022,63757,30864
633,360,600,2,424,492,28,96,4624,0.0214,63757,30864
634,360,600,3,97,136,37,77,1560,0.0072,63757,30864
635,360,600,0,332,380,38,86,2304,0.0107,63860,30864
636,360,600,1,101,140,37,77,1560,0.0072,63860,30864
637,360,600,2,210,278,76,145,4692,0.0217,63860,30864
638,360,600,3,410,492,32,114,6724,0.0311,63860,30864
639,360,600,0,227,309,65,147,6724,0.0311,63963,30864
640,360,600,1,327,375,38,86,2304,0.0107,63963,30864
641,360,600,2,410,492,32,114,6724,0.0311,63963,30864
642,360,600,3,105,144,37,77,1560,0.0072,63963,30864
643,360,600,0,105,144,33,73,1560,0.0072,64066,30864
644,360,600,1,224,292,76,145,4692,0.0217,64066,30864
645,360,600,2,329,368,45,85,1560,0.0072,64066,30864
646,360,600,3,410,478,42,110,4624,0.0214,64066,30864
647,360,600,0,105,144,33,73,1560,0.0072,64169,30864
648,360,600,1,202,284,65,147,6724,0.0311,64169,30864
649,360,600,2,396,465,35,103,4692,0.0217,64169,30864
650,360,600,3,323,370,43,90,2209,0.0102,64169,30864
651,360,600,0,105,144,37,77,1560,0.0072,64272,30864
652,360,600,1,329,368,45,85,1560,0.0072,64272,30864
653,360,600,2,217,285,76,145,4692,0.0217,64272,30864
654,360,600,3,403,471,28,96,4624,0.0214,64272,30864
655,360,600,0,101,140,33,73,1560,0.0072,64375,30864
656,360,600,1,417,485,28,96,4624,0.0214,64375,30864
657,360,600,2,325,364,45,85,1560,0.0072,64375,30864
658,360,600,3,210,278,76,145,4692,0.0217,64375,30864
659,360,600,0,217,285,76,145,4692,0.0217,64478,30864
660,360,600,1,321,360,45,85,1560,0.0072,64478,30864
661,360,600,2,403,471,28,96,4624,0.0214,64478,30864
662,360,600,3,117,156,33,73,1560,0.0072,64478,30864
663,360,600,0,219,301,57,138,6642,0.0307,64581,30864
664,360,600,1,403,471,28,96,4624,0.0214,64581,30864
665,360,600,2,323,370,38,86,2256,0.0104,64581,30864
666,360,600,3,105,144,33,73,1560,0.0072,64581,30864
667,360,600,0,136,218,198,279,6642,0.0307,65611,30864
668,360,600,1,277,316,37,77,1560,0.0072,65611,30864
669,360,600,0,418,500,57,138,6642,0.0307,65714,30864
670,360,600,1,154,252,56,154,9604,0.0445,65714,30864
671,360,600,0,343,441,56,154,9604,0.0445,65817,30864
672,360,600,1,169,251,98,180,6724,0.0311,65817,30864
673,360,600,0,372,471,56,154,9702,0.0449,65920,30864
674,360,600,1,161,243,90,172,6724,0.0311,65920,30864
675,360,600,0,343,441,56,154,9604,0.0445,66023,30864
676,360,600,0,121,160,53,93,1560,0.0072,66126,30864
677,360,600,1,411,467,39,96,3192,0.0148,66126,30864
678,360,600,2,227,274,77,124,2209,0.0102,66126,30864
679,360,600,0,116,164,53,100,2256,0.0104,66229,30864
680,360,600,1,422,479,33,90,3249,0.015,66229,30864
681,360,600,0,399,456,39,96,3249,0.015,66332,30864
682,360,600,1,49,96,48,95,2209,0.0102,66332,30864
683,360,600,0,275,322,77,124,2209,0.0102,66435,30864
684,360,600,0,85,154,249,317,4692,0.0217,66538,30864
685,360,600,1,224,292,90,158,4624,0.0214,66538,30864
686,360,600,0,106,174,104,172,4624,0.0214,66641,30864
687,360,600,1,310,392,65,147,6724,0.0311,66641,30864
688,360,600,0,113,181,90,158,4624,0.0214,66744,30864
689,360,600,1,318,400,48,130,6724,0.0311,66744,30864
690,360,600,0,389,428,133,173,1560,0.0072,66847,30864
691,360,600,0,393,432,137,177,1560,0.0072,66950,30864
692,360,600,0,260,342,57,138,6642,0.0307,67053,30864
693,360,600,0,134,202,97,165,4624,0.0214,67156,30864
694,360,600,1,360,442,57,138,6642,0.0307,67156,30864
695,360,600,0,372,471,56,154,9702,0.0449,67259,30864
696,360,600,1,113,181,83,151,4624,0.0214,67259,30864
697,360,600,0,78,160,98,180,6724,0.0311,67362,30864
698,360,600,1,360,442,65,147,6724,0.0311,67362,30864
699,360,600,0,313,411,96,194,9604,0.0445,67465,30864
700,360,600,0,352,433,57,138,6561,0.0304,67671,30864
701,360,600,1,111,193,73,155,6724,0.0311,67671,30864
702,360,600,0,291,409,70,188,13924,0.0645,67774,30864
703,360,600,0,92,160,97,165,4624,0.0214,67877,30864
704,360,600,1,335,417,48,130,6724,0.0311,67877,30864
705,360,600,0,134,202,90,158,4624,0.0214,67980,30864
706,360,600,1,335,417,57,138,6642,0.0307,67980,30864
707,360,600,0,119,201,81,163,6724,0.0311,68083,30864
708,360,600,1,376,458,48,130,6724,0.0311,68083,30864
709,360,600,0,192,249,91,148,3249,0.015,68186,30864
710,360,600,1,362,430,76,145,4692,0.0217,68186,30864
711,360,600,0,128,185,79,136,3249,0.015,68289,30864
712,360,600,1,376,444,62,131,4692,0.0217,68289,30864
713,360,600,0,289,336,53,100,2209,0.0102,68495,30864
714,360,600,1,183,231,33,81,2304,0.0107,68495,30864
715,360,600,0,134,191,33,90,3249,0.015,68598,30864
716,360,600,0,428,485,131,188,3249,0.015,68701,30864
717,360,600,1,128,185,119,176,3249,0.015,68701,30864
718,360,600,0,261,300,117,157,1560,0.0072,69216,30864
719,360,600,0,251,298,91,138,2209,0.0102,69422,30864
720,360,600,0,279,327,62,110,2304,0.0107,69525,30864
721,360,600,0,272,329,56,113,3249,0.015,69628,30864
722,360,600,0,277,359,115,197,6724,0.0311,69937,30864
723,360,600,0,269,351,123,205,6724,0.0311,70040,30864
724,360,600,0,335,417,140,221,6642,0.0307,70143,30864
725,360,600,0,277,359,123,205,6724,0.0311,70246,30864
726,360,600,0,269,351,123,205,6724,0.0311,70452,30864
727,360,600,0,370,427,68,125,3249,0.015,71173,30864
728,360,600,1,81,120,33,73,1560,0.0072,71173,30864
729,360,600,0,393,432,153,193,1560,0.0072,71276,30864
730,360,600,1,73,120,153,201,2256,0.0104,71276,30864
731,360,600,0,69,108,165,205,1560,0.0072,71379,30864
732,360,600,1,389,428,149,189,1560,0.0072,71379,30864
733,360,600,2,217,256,149,189,1560,0.0072,71379,30864
734,360,600,3,83,130,101,148,2209,0.0102,71379,30864
735,360,600,0,201,240,145,185,1560,0.0072,71482,30864
736,360,600,1,73,120,173,220,2209,0.0102,71482,30864
737,360,600,2,397,436,153,193,1560,0.0072,71482,30864
738,360,600,0,385,424,153,193,1560,0.0072,71585,30864
739,360,600,1,233,272,149,189,1560,0.0072,71585,30864
740,360,600,0,121,160,49,89,1560,0.0072,71688,30864
741,360,600,1,68,116,158,206,2304,0.0107,71688,30864
742,360,600,2,397,436,145,185,1560,0.0072,71688,30864
743,360,600,0,409,448,149,189,1560,0.0072,71791,30864
744,360,600,1,493,532,173,213,1560,0.0072,71791,30864
745,360,600,0,397,436,157,197,1560,0.0072,71894,30864
746,360,600,1,265,304,81,121,1560,0.0072,71894,30864
747,360,600,0,497,536,177,217,1560,0.0072,71997,30864
748,360,600,1,77,116,169,209,1560,0.0072,71997,30864
749,360,600,0,462,519,91,148,3249,0.015,72203,30864
750,360,600,1,58,126,83,151,4624,0.0214,72203,30864
751,360,600,2,232,289,62,119,3249,0.015,72203,30864
752,360,600,0,51,119,104,172,4624,0.0214,72306,30864
753,360,600,1,217,285,111,179,4624,0.0214,72306,30864
754,360,600,0,505,552,72,119,2209,0.0102,72409,30864
755,360,600,1,193,240,134,182,2256,0.0104,72409,30864
756,360,600,0,279,327,115,162,2256,0.0104,72512,30864
757,360,600,0,270,317,110,158,2256,0.0104,72615,30864
758,360,600,1,465,504,133,173,1560,0.0072,72615,30864
759,360,600,0,352,433,90,172,6642,0.0307,72821,30864
760,360,600,1,182,250,76,145,4692,0.0217,72821,30864
761,360,600,0,362,430,76,145,4692,0.0217,72924,30864
762,360,600,1,175,243,62,131,4692,0.0217,72924,30864
763,360,600,0,318,400,57,138,6642,0.0307,73027,30864
764,360,600,1,152,234,98,180,6724,0.0311,73027,30864
765,360,600,0,196,264,104,172,4624,0.0214,73130,30864
766,360,600,0,196,264,97,165,4624,0.0214,73233,30864
767,360,600,1,302,384,48,130,6724,0.0311,73233,30864
768,360,600,0,203,271,97,165,4624,0.0214,73336,30864
769,360,600,0,227,274,120,167,2209,0.0102,73439,30864
770,360,600,0,337,376,109,149,1560,0.0072,73542,30864
771,360,600,1,419,466,120,167,2209,0.0102,73542,30864
772,360,600,2,134,191,125,182,3249,0.015,73542,30864
773,360,600,0,329,368,109,149,1560,0.0072,73645,30864
774,360,600,0,477,516,125,165,1560,0.0072,73748,30864
775,360,600,1,337,376,105,145,1560,0.0072,73748,30864
776,360,600,2,113,181,111,179,4624,0.0214,73748,30864
777,360,600,0,261,318,79,136,3249,0.015,73851,30864
778,360,600,1,169,226,45,101,3192,0.0148,73851,30864
779,360,600,0,260,308,86,134,2304,0.0107,73954,30864
780,360,600,1,157,214,45,101,3192,0.0148,73954,30864
781,360,600,2,376,444,49,117,4624,0.0214,73954,30864
782,360,600,0,418,500,90,172,6724,0.0311,74057,30864
783,360,600,1,161,230,62,131,4761,0.022,74057,30864
784,360,600,0,78,147,111,179,4692,0.0217,74263,30864
785,360,600,1,468,525,62,119,3249,0.015,74263,30864
786,360,600,2,255,312,62,119,3249,0.015,74263,30864
787,360,600,0,215,272,68,125,3249,0.015,74366,30864
788,360,600,1,480,537,50,107,3249,0.015,74366,30864
789,360,600,0,111,193,73,155,6724,0.0311,74469,30864
790,360,600,1,418,500,65,147,6724,0.0311,74469,30864
791,360,600,0,369,437,69,138,4692,0.0217,74572,30864
792,360,600,1,111,193,73,155,6724,0.0311,74572,30864
793,360,600,0,376,444,69,138,4692,0.0217,74675,30864
794,360,600,1,136,218,73,155,6724,0.0311,74675,30864
795,360,600,0,215,356,45,187,20022,0.0927,74778,30864
796,360,600,0,327,375,19,66,2256,0.0104,75087,30864
797,360,600,1,123,179,108,165,3192,0.0148,75087,30864
798,360,600,0,241,288,96,143,2209,0.0102,75190,30864
799,360,600,1,117,174,96,153,3249,0.015,75190,30864
800,360,600,0,105,162,96,153,3249,0.015,75293,30864
801,360,600,1,238,295,85,142,3249,0.015,75293,30864
802,360,600,0,226,283,102,159,3249,0.015,75396,30864
803,360,600,1,373,412,21,61,1560,0.0072,75396,30864
804,360,600,0,217,285,97,165,4624,0.0214,75499,30864
805,360,600,1,272,340,83,151,4624,0.0214,75499,30864
806,360,600,0,189,257,111,179,4624,0.0214,75705,30864
807,360,600,1,235,317,81,163,6724,0.0311,75705,30864
808,360,600,0,169,251,115,197,6724,0.0311,75808,30864
809,360,600,1,244,326,90,172,6724,0.0311,75808,30864
810,360,600,0,211,292,106,188,6642,0.0307,75911,30864
811,360,600,1,277,359,81,163,6724,0.0311,75911,30864
812,360,600,0,202,284,123,205,6724,0.0311,76014,30864
813,360,600,1,273,371,76,174,9604,0.0445,76014,30864
814,360,600,0,269,351,81,163,6724,0.0311,76117,30864
815,360,600,0,161,243,140,221,6642,0.0307,76220,30864
816,360,600,1,244,326,98,180,6724,0.0311,76220,30864
817,360,600,0,157,299,131,273,20164,0.0934,76323,30864
818,360,600,0,171,289,130,248,13924,0.0645,76426,30864
819,360,600,0,111,229,142,260,13924,0.0645,76529,30864
820,360,600,1,207,376,72,241,28561,0.1322,76529,30864
821,360,600,0,272,414,74,215,20022,0.0927,76632,30864
822,360,600,0,303,421,130,248,13924,0.0645,76735,30864
823,360,600,0,329,471,117,258,20022,0.0927,76838,30864
824,360,600,0,338,456,142,260,13924,0.0645,76941,30864
825,360,600,0,291,409,154,272,13924,0.0645,77044,30864
826,360,600,0,244,312,104,172,4624,0.0214,77147,30864
827,360,600,1,285,367,57,138,6642,0.0307,77147,30864
828,360,600,0,361,400,89,129,1560,0.0072,77353,30864
829,360,600,0,401,483,98,180,6724,0.0311,77765,30864
830,360,600,1,134,202,49,117,4624,0.0214,77765,30864
831,360,600,0,451,508,62,119,3249,0.015,77868,30864
832,360,600,0,451,508,62,119,3249,0.015,77971,30864
833,360,600,0,172,313,74,215,19881,0.092,78074,30864
834,360,600,0,255,373,82,200,13924,0.0645,78177,30864
835,360,600,0,289,328,117,157,1560,0.0072,78280,30864
836,360,600,1,501,540,153,193,1560,0.0072,78280,30864
837,360,600,0,380,428,72,119,2256,0.0104,79310,30864
838,360,600,0,389,428,65,105,1560,0.0072,79413,30864
839,360,600,0,361,400,69,109,1560,0.0072,79516,30864
840,360,600,0,299,346,96,143,2209,0.0102,79928,30864
841,360,600,0,318,365,101,148,2209,0.0102,80031,30864
842,360,600,0,299,346,101,148,2209,0.0102,80134,30864
843,360,600,0,308,356,101,148,2256,0.0104,80237,30864
844,360,600,0,308,356,96,143,2256,0.0104,80340,30864
845,360,600,0,303,351,101,148,2256,0.0104,80443,30864
846,360,600,0,299,346,101,148,2209,0.0102,80546,30864
847,360,600,0,203,250,101,148,2209,0.0102,81267,30864
848,360,600,0,251,298,96,143,2209,0.0102,81370,30864
849,360,600,0,251,298,57,105,2256,0.0104,81473,30864
850,360,600,0,370,427,96,153,3249,0.015,81679,30864
851,360,600,0,222,269,57,105,2256,0.0104,81782,30864
852,360,600,0,251,298,57,105,2256,0.0104,81885,30864
853,360,600,1,341,398,91,148,3249,0.015,81885,30864
854,360,600,0,376,458,57,138,6642,0.0307,82297,30864
855,360,600,0,85,154,76,145,4761,0.022,82400,30864
856,360,600,0,393,475,81,163,6724,0.0311,82503,30864
857,360,600,0,106,174,56,124,4624,0.0214,82606,30864
858,360,600,0,313,370,50,107,3249,0.015,82709,30864
859,360,600,0,341,398,154,211,3249,0.015,83533,30864
860,360,600,1,140,188,139,186,2256,0.0104,83533,30864
861,360,600,0,290,346,143,199,3136,0.0145,83636,30864
862,360,600,1,63,111,168,215,2256,0.0104,83636,30864
863,360,600,0,279,327,158,206,2304,0.0107,83739,30864
864,360,600,0,224,292,56,124,4624,0.0214,85387,30864
865,360,600,1,348,416,56,124,4624,0.0214,85387,30864
866,360,600,0,203,271,56,124,4624,0.0214,85490,30864
867,360,600,1,369,437,49,117,4624,0.0214,85490,30864
868,360,600,0,403,471,62,131,4692,0.0217,85902,30864
869,360,600,1,219,301,73,155,6724,0.0311,85902,30864
870,360,600,0,211,292,65,147,6642,0.0307,86005,30864
871,360,600,1,396,465,62,131,4761,0.022,86005,30864
872,360,600,0,403,471,62,131,4692,0.0217,86108,30864
873,360,600,1,193,292,56,154,9702,0.0449,86108,30864
874,360,600,0,161,243,48,130,6724,0.0311,86211,30864
875,360,600,0,177,259,40,122,6724,0.0311,86314,30864
876,360,600,0,219,301,65,147,6724,0.0311,86417,30864
877,360,600,1,382,481,56,154,9702,0.0449,86417,30864
878,360,600,0,376,458,65,147,6724,0.0311,86520,30864
879,360,600,1,213,312,56,154,9702,0.0449,86520,30864
880,360,600,0,177,259,57,138,6642,0.0307,86623,30864
881,360,600,0,177,259,40,122,6724,0.0311,86726,30864
882,360,600,0,220,277,45,101,3192,0.0148,86932,30864
883,360,600,0,241,288,38,86,2256,0.0104,87035,30864
884,360,600,0,249,306,39,96,3249,0.015,87138,30864
885,360,600,0,227,309,57,138,6642,0.0307,87241,30864
886,360,600,1,376,458,57,138,6642,0.0307,87241,30864
887,360,600,0,241,288,91,138,2209,0.0102,88786,30864
888,360,600,1,313,370,45,101,3192,0.0148,88786,30864
889,360,600,0,313,352,81,121,1560,0.0072,89198,30864
890,360,600,0,428,476,129,177,2304,0.0107,89816,30864
891,360,600,1,253,292,117,157,1560,0.0072,89816,30864
892,360,600,0,337,384,91,138,2209,0.0102,90022,30864
893,360,600,1,169,216,86,134,2256,0.0104,90022,30864
894,360,600,0,179,226,96,143,2209,0.0102,90228,30864
895,360,600,0,321,360,93,133,1560,0.0072,90331,30864
896,360,600,1,164,212,86,134,2304,0.0107,90331,30864
897,360,600,0,333,372,93,133,1560,0.0072,90434,30864
898,360,600,1,145,192,96,143,2209,0.0102,90434,30864
899,360,600,0,396,465,90,158,4692,0.0217,90537,30864
900,360,600,1,168,236,76,145,4692,0.0217,90537,30864
901,360,600,0,94,176,65,147,6724,0.0311,90640,30864
902,360,600,1,459,527,62,131,4692,0.0217,90640,30864
903,360,600,0,136,218,48,130,6724,0.0311,90743,30864
904,360,600,1,424,492,69,138,4692,0.0217,90743,30864
905,360,600,0,459,527,62,131,4692,0.0217,90846,30864
906,360,600,1,103,185,65,147,6724,0.0311,90846,30864
907,360,600,0,134,232,66,164,9604,0.0445,90949,30864
908,360,600,1,401,483,81,163,6724,0.0311,90949,30864
909,360,600,0,410,478,90,158,4624,0.0214,91052,30864
910,360,600,1,124,222,76,174,9604,0.0445,91052,30864
911,360,600,0,459,527,56,124,4624,0.0214,91155,30864
912,360,600,1,103,185,65,147,6724,0.0311,91155,30864
913,360,600,0,351,399,91,138,2256,0.0104,91258,30864
914,360,600,1,145,192,77,124,2209,0.0102,91258,30864
915,360,600,0,341,380,89,129,1560,0.0072,91361,30864
916,360,600,0,431,499,97,165,4624,0.0214,91567,30864
917,360,600,1,103,185,65,147,6724,0.0311,91567,30864
918,360,600,0,403,471,76,145,4692,0.0217,91670,30864
919,360,600,1,94,176,48,130,6724,0.0311,91670,30864
920,360,600,0,376,444,69,138,4692,0.0217,91773,30864
921,360,600,1,161,230,69,138,4761,0.022,91773,30864
922,360,600,0,161,243,65,147,6724,0.0311,91876,30864
923,360,600,1,348,416,76,145,4692,0.0217,91876,30864
924,360,600,0,348,416,76,145,4692,0.0217,91979,30864
925,360,600,0,403,471,69,138,4692,0.0217,92082,30864
926,360,600,0,136,218,123,205,6724,0.0311,92185,30864
927,360,600,1,396,465,83,151,4692,0.0217,92185,30864
928,360,600,0,152,234,81,163,6724,0.0311,92288,30864
929,360,600,1,389,458,104,172,4692,0.0217,92288,30864
930,360,600,0,410,478,83,151,4624,0.0214,92391,30864
931,360,600,0,169,251,73,155,6724,0.0311,92494,30864
932,360,600,0,134,202,76,145,4692,0.0217,92597,30864
933,360,600,0,111,193,73,155,6724,0.0311,92700,30864
934,360,600,1,438,506,62,131,4692,0.0217,92700,30864
935,360,600,0,265,333,56,124,4624,0.0214,93009,30864
936,360,600,1,382,439,131,188,3249,0.015,93009,30864
937,360,600,0,334,402,132,200,4624,0.0214,93112,30864
938,360,600,1,211,292,57,138,6561,0.0304,93112,30864
939,360,600,0,355,423,111,179,4624,0.0214,93215,30864
940,360,600,1,227,309,57,138,6642,0.0307,93215,30864
941,360,600,0,334,402,35,103,4624,0.0214,93421,30864
942,360,600,0,189,257,118,186,4624,0.0214,93730,30864
943,360,600,1,362,430,28,96,4624,0.0214,93730,30864
944,360,600,0,320,389,28,96,4692,0.0217,93833,30864
945,360,600,0,395,442,86,134,2256,0.0104,94039,30864
946,360,600,0,389,428,81,121,1560,0.0072,94142,30864
947,360,600,0,389,428,81,121,1560,0.0072,94245,30864
948,360,600,0,395,442,81,129,2256,0.0104,94348,30864
949,360,600,1,270,317,110,158,2256,0.0104,94348,30864
950,360,600,0,253,351,66,164,9604,0.0445,94451,30864
951,360,600,0,253,351,66,164,9604,0.0445,94554,30864
952,360,600,0,293,375,131,213,6724,0.0311,94657,30864
953,360,600,0,353,410,119,176,3249,0.015,94863,30864
954,360,600,0,295,352,91,148,3249,0.015,95069,30864
955,360,600,0,284,332,24,71,2256,0.0104,95378,30864
956,360,600,0,333,431,46,144,9604,0.0445,95584,30864
957,360,600,0,219,301,123,205,6724,0.0311,95687,30864
958,360,600,0,307,364,62,119,3249,0.015,96923,30864
959,360,600,0,290,346,56,113,3192,0.0148,97232,30864
960,360,600,0,197,254,62,119,3249,0.015,98056,30864
961,360,600,1,362,430,69,138,4692,0.0217,98056,30864
962,360,600,0,290,346,39,96,3192,0.0148,98159,30864
963,360,600,1,85,154,118,186,4692,0.0217,98159,30864
964,360,600,0,341,409,49,117,4624,0.0214,98262,30864
965,360,600,1,182,250,118,186,4624,0.0214,98262,30864
966,360,600,0,353,410,56,113,3249,0.015,98365,30864
967,360,600,0,263,361,46,144,9604,0.0445,98571,30864
968,360,600,0,243,385,31,172,20022,0.0927,99189,30864
969,360,600,0,243,385,45,187,20164,0.0934,99292,30864
970,360,600,0,279,397,106,224,13924,0.0645,99498,30864
971,360,600,0,215,356,117,258,19881,0.092,99601,30864
972,360,600,0,215,356,59,201,20022,0.0927,99704,30864
973,360,600,0,229,371,59,201,20164,0.0934,100013,30864
974,360,600,0,229,371,59,201,20164,0.0934,100116,30864
975,360,600,0,215,356,59,201,20022,0.0927,100219,30864
976,360,600,0,181,220,101,141,1560,0.0072,100631,30864
977,360,600,0,376,444,28,96,4624,0.0214,100734,30864
978,360,600,0,163,220,73,130,3249,0.015,100837,30864
979,360,600,1,389,458,14,82,4692,0.0217,100837,30864
980,360,600,0,238,295,73,130,3249,0.015,100940,30864
981,360,600,1,82,139,171,228,3249,0.015,100940,30864
982,360,600,0,175,243,159,227,4624,0.0214,101043,30864
983,360,600,0,157,214,166,222,3192,0.0148,101146,30864
984,360,600,1,414,461,81,129,2256,0.0104,101146,30864
985,360,600,0,405,462,56,113,3249,0.015,101249,30864
986,360,600,1,163,220,166,222,3192,0.0148,101249,30864
987,360,600,0,359,416,62,119,3249,0.015,101352,30864
988,360,600,1,163,220,166,222,3192,0.0148,101352,30864
989,360,600,0,324,381,68,125,3249,0.015,101455,30864
990,360,600,1,174,231,154,211,3249,0.015,101455,30864
991,360,600,0,421,460,41,81,1560,0.0072,101661,30864
992,360,600,0,390,437,48,95,2209,0.0102,101764,30864
993,360,600,0,404,452,48,95,2256,0.0104,101867,30864
994,360,600,0,270,317,86,134,2256,0.0104,102073,30864
995,360,600,0,351,399,33,81,2304,0.0107,102176,30864
996,360,600,0,300,368,56,124,4624,0.0214,102279,30864
997,360,600,0,169,251,57,138,6642,0.0307,102382,30864
998,360,600,1,303,401,56,154,9604,0.0445,102382,30864
999,360,600,0,193,292,56,154,9702,0.0449,102485,30864
1000,360,600,1,293,391,66,164,9604,0.0445,102485,30864
1001,360,600,0,313,411,66,164,9604,0.0445,102588,30864
1002,360,600,1,186,268,57,138,6642,0.0307,102588,30864
1003,360,600,0,169,251,73,155,6724,0.0311,102691,30864
1004,360,600,1,303,401,76,174,9604,0.0445,102691,30864
1005,360,600,0,303,401,86,184,9604,0.0445,102794,30864
1006,360,600,1,183,282,66,164,9702,0.0449,102794,30864
1007,360,600,0,186,268,73,155,6724,0.0311,102897,30864
1008,360,600,1,303,401,66,164,9604,0.0445,102897,30864
1009,360,600,0,323,421,66,164,9604,0.0445,103000,30864
1010,360,600,1,175,243,69,138,4692,0.0217,103000,30864
1011,360,600,0,193,292,66,164,9702,0.0449,103103,30864
1012,360,600,1,303,401,66,164,9604,0.0445,103103,30864
1013,360,600,0,203,302,66,164,9702,0.0449,103206,30864
1014,360,600,0,203,302,56,154,9702,0.0449,103309,30864
1015,360,600,0,333,431,56,154,9604,0.0445,103412,30864
1016,360,600,0,333,431,46,144,9604,0.0445,103515,30864
1017,360,600,0,371,418,62,110,2256,0.0104,103721,30864
1018,360,600,1,303,351,28,76,2304,0.0107,103721,30864
1019,360,600,0,348,416,111,179,4624,0.0214,103824,30864
1020,360,600,1,285,367,65,147,6724,0.0311,103824,30864
1021,360,600,0,321,360,37,77,1560,0.0072,104030,30864
1022,360,600,0,99,167,118,186,4624,0.0214,104133,30864
1023,360,600,1,313,411,145,244,9702,0.0449,104133,30864
1024,360,600,2,244,326,57,138,6642,0.0307,104133,30864
1025,360,600,0,85,154,104,172,4692,0.0217,104236,30864
1026,360,600,1,285,367,65,147,6724,0.0311,104236,30864
1027,360,600,0,229,268,85,125,1560,0.0072,104339,30864
1028,360,600,1,373,412,45,85,1560,0.0072,104339,30864
1029,360,600,2,129,168,29,69,1560,0.0072,104339,30864
1030,360,600,3,469,508,77,117,1560,0.0072,104339,30864
1031,360,600,0,194,276,73,155,6724,0.0311,104545,30864
1032,360,600,0,341,398,62,119,3249,0.015,104648,30864
1033,360,600,1,249,306,62,119,3249,0.015,104648,30864
1034,360,600,0,294,341,57,105,2256,0.0104,104751,30864
1035,360,600,1,169,216,57,105,2256,0.0104,104751,30864
1036,360,600,0,168,236,62,131,4692,0.0217,105163,30864
1037,360,600,1,428,485,50,107,3249,0.015,105163,30864
1038,360,600,0,392,491,115,214,9801,0.0454,105369,30864
1039,360,600,1,104,202,105,204,9702,0.0449,105369,30864
1040,360,600,0,386,504,94,212,13924,0.0645,105472,30864
1041,360,600,1,94,192,66,164,9604,0.0445,105472,30864
1042,360,600,0,263,361,36,134,9604,0.0445,105575,30864
1043,360,600,0,253,292,69,109,1560,0.0072,105678,30864
1044,360,600,1,149,188,77,117,1560,0.0072,105678,30864
1045,360,600,2,333,372,69,109,1560,0.0072,105678,30864
1046,360,600,3,417,456,17,57,1560,0.0072,105678,30864
1047,360,600,4,471,519,24,71,2256,0.0104,105678,30864
1048,360,600,0,249,288,69,109,1560,0.0072,105781,30864
1049,360,600,1,149,188,73,113,1560,0.0072,105781,30864
1050,360,600,2,437,476,13,53,1560,0.0072,105781,30864
1051,360,600,0,217,256,73,113,1560,0.0072,105884,30864
1052,360,600,1,325,364,69,109,1560,0.0072,105884,30864
1053,360,600,2,486,533,19,66,2209,0.0102,105884,30864
1054,360,600,3,113,152,73,113,1560,0.0072,105884,30864
1055,360,600,4,425,464,17,57,1560,0.0072,105884,30864
1056,360,600,0,348,416,97,165,4624,0.0214,105987,30864
1057,360,600,1,219,301,40,122,6724,0.0311,105987,30864
1058,360,600,0,355,423,90,158,4624,0.0214,106090,30864
1059,360,600,0,385,467,90,172,6724,0.0311,106193,30864
1060,360,600,1,227,309,65,147,6724,0.0311,106193,30864
1061,360,600,0,385,467,81,163,6724,0.0311,106296,30864
1062,360,600,0,252,334,57,138,6642,0.0307,106399,30864
1063,360,600,1,376,444,90,158,4624,0.0214,106399,30864
1064,360,600,0,362,430,83,151,4624,0.0214,106502,30864
1065,360,600,1,219,301,40,122,6724,0.0311,106502,30864
1066,360,600,0,355,423,83,151,4624,0.0214,106605,30864
1067,360,600,1,219,301,40,122,6724,0.0311,106605,30864
1068,360,600,0,289,336,28,76,2256,0.0104,106708,30864
1069,360,600,0,289,336,77,124,2209,0.0102,106811,30864
1070,360,600,1,229,268,61,101,1560,0.0072,106811,30864
1071,360,600,0,253,292,73,113,1560,0.0072,107017,30864
1072,360,600,1,317,356,93,133,1560,0.0072,107017,30864
1073,360,600,2,445,484,85,125,1560,0.0072,107017,30864
1074,360,600,3,109,148,73,113,1560,0.0072,107017,30864
1075,360,600,4,83,130,38,86,2256,0.0104,107017,30864
1076,360,600,5,445,502,33,90,3249,0.015,107017,30864
1077,360,600,0,211,292,48,130,6642,0.0307,107120,30864
1078,360,600,0,251,319,56,124,4624,0.0214,107223,30864
1079,360,600,0,117,156,81,121,1560,0.0072,107326,30864
1080,360,600,1,321,360,93,133,1560,0.0072,107326,30864
1081,360,600,2,92,140,33,81,2304,0.0107,107326,30864
1082,360,600,0,333,431,115,214,9702,0.0449,107532,30864
