,imdb_id,frame_num,is_car,is_not_car
0,53001,0,0,1
1,53001,24,0,1
2,53001,48,0,1
3,53001,72,0,1
4,53001,96,0,1
5,53001,120,0,1
6,53001,144,0,1
7,53001,168,0,1
8,53001,192,0,1
9,53001,216,0,1
10,53001,240,0,1
11,53001,264,0,1
12,53001,288,0,1
13,53001,312,0,1
14,53001,336,0,1
15,53001,360,0,1
16,53001,384,0,1
17,53001,408,0,1
18,53001,432,0,1
19,53001,456,0,1
20,53001,480,0,1
21,53001,504,0,1
22,53001,528,0,1
23,53001,552,0,1
24,53001,576,0,1
25,53001,600,0,1
26,53001,624,0,1
27,53001,648,0,1
28,53001,672,0,1
29,53001,696,0,1
30,53001,720,0,1
31,53001,744,0,1
32,53001,768,0,1
33,53001,792,0,1
34,53001,816,0,1
35,53001,840,0,1
36,53001,864,0,1
37,53001,888,0,1
38,53001,912,0,1
39,53001,936,0,1
40,53001,960,0,1
41,53001,984,0,1
42,53001,1008,0,1
43,53001,1032,0,1
44,53001,1056,0,1
45,53001,1080,0,1
46,53001,1104,0,1
47,53001,1128,0,1
48,53001,1152,0,1
49,53001,1176,0,1
50,53001,1200,0,1
51,53001,1224,0,1
52,53001,1248,0,1
53,53001,1272,0,1
54,53001,1296,0,1
55,53001,1320,0,1
56,53001,1344,0,1
57,53001,1368,0,1
58,53001,1392,0,1
59,53001,1416,0,1
60,53001,1440,0,1
61,53001,1464,0,1
62,53001,1488,0,1
63,53001,1512,0,1
64,53001,1536,0,1
65,53001,1560,0,1
66,53001,1584,0,1
67,53001,1608,0,1
68,53001,1632,0,1
69,53001,1656,0,1
70,53001,1680,0,1
71,53001,1704,0,1
72,53001,1728,0,1
73,53001,1752,0,1
74,53001,1776,0,1
75,53001,1800,0,1
76,53001,1824,0,1
77,53001,1848,0,1
78,53001,1872,0,1
79,53001,1896,0,1
80,53001,1920,1,0
81,53001,1944,0,1
82,53001,1968,1,0
83,53001,1992,1,0
84,53001,2016,0,1
85,53001,2040,1,0
86,53001,2064,0,1
87,53001,2088,0,1
88,53001,2112,0,1
89,53001,2136,0,1
90,53001,2160,0,1
91,53001,2184,0,1
92,53001,2208,0,1
93,53001,2232,0,1
94,53001,2256,0,1
95,53001,2280,0,1
96,53001,2304,0,1
97,53001,2328,0,1
98,53001,2352,0,1
99,53001,2376,0,1
100,53001,2400,0,1
101,53001,2424,0,1
102,53001,2448,0,1
103,53001,2472,0,1
104,53001,2496,0,1
105,53001,2520,0,1
106,53001,2544,0,1
107,53001,2568,0,1
108,53001,2592,0,1
109,53001,2616,0,1
110,53001,2640,0,1
111,53001,2664,0,1
112,53001,2688,0,1
113,53001,2712,0,1
114,53001,2736,0,1
115,53001,2760,0,1
116,53001,2784,0,1
117,53001,2808,0,1
118,53001,2832,0,1
119,53001,2856,0,1
120,53001,2880,0,1
121,53001,2904,0,1
122,53001,2928,0,1
123,53001,2952,0,1
124,53001,2976,0,1
125,53001,3000,0,1
126,53001,3024,0,1
127,53001,3048,0,1
128,53001,3072,0,1
129,53001,3096,0,1
130,53001,3120,0,1
131,53001,3144,0,1
132,53001,3168,0,1
133,53001,3192,0,1
134,53001,3216,0,1
135,53001,3240,0,1
136,53001,3264,0,1
137,53001,3288,0,1
138,53001,3312,0,1
139,53001,3336,0,1
140,53001,3360,0,1
141,53001,3384,0,1
142,53001,3408,0,1
143,53001,3432,0,1
144,53001,3456,0,1
145,53001,3480,0,1
146,53001,3504,0,1
147,53001,3528,0,1
148,53001,3552,0,1
149,53001,3576,0,1
150,53001,3600,0,1
151,53001,3624,0,1
152,53001,3648,0,1
153,53001,3672,0,1
154,53001,3696,0,1
155,53001,3720,0,1
156,53001,3744,0,1
157,53001,3768,0,1
158,53001,3792,0,1
159,53001,3816,0,1
160,53001,3840,0,1
161,53001,3864,0,1
162,53001,3888,0,1
163,53001,3912,0,1
164,53001,3936,0,1
165,53001,3960,0,1
166,53001,3984,0,1
167,53001,4008,0,1
168,53001,4032,0,1
169,53001,4056,0,1
170,53001,4080,0,1
171,53001,4104,0,1
172,53001,4128,0,1
173,53001,4152,0,1
174,53001,4176,0,1
175,53001,4200,0,1
176,53001,4224,0,1
177,53001,4248,0,1
178,53001,4272,0,1
179,53001,4296,0,1
180,53001,4320,0,1
181,53001,4344,0,1
182,53001,4368,0,1
183,53001,4392,0,1
184,53001,4416,0,1
185,53001,4440,0,1
186,53001,4464,0,1
187,53001,4488,0,1
188,53001,4512,0,1
189,53001,4536,0,1
190,53001,4560,0,1
191,53001,4584,0,1
192,53001,4608,0,1
193,53001,4632,0,1
194,53001,4656,0,1
195,53001,4680,0,1
196,53001,4704,0,1
197,53001,4728,0,1
198,53001,4752,0,1
199,53001,4776,0,1
200,53001,4800,0,1
201,53001,4824,0,1
202,53001,4848,0,1
203,53001,4872,0,1
204,53001,4896,0,1
205,53001,4920,0,1
206,53001,4944,0,1
207,53001,4968,0,1
208,53001,4992,0,1
209,53001,5016,0,1
210,53001,5040,0,1
211,53001,5064,0,1
212,53001,5088,0,1
213,53001,5112,0,1
214,53001,5136,0,1
215,53001,5160,0,1
216,53001,5184,0,1
217,53001,5208,0,1
218,53001,5232,1,0
219,53001,5256,0,1
220,53001,5280,0,1
221,53001,5304,0,1
222,53001,5328,0,1
223,53001,5352,0,1
224,53001,5376,0,1
225,53001,5400,0,1
226,53001,5424,0,1
227,53001,5448,0,1
228,53001,5472,0,1
229,53001,5496,0,1
230,53001,5520,0,1
231,53001,5544,0,1
232,53001,5568,0,1
233,53001,5592,0,1
234,53001,5616,0,1
235,53001,5640,0,1
236,53001,5664,1,0
237,53001,5688,0,1
238,53001,5712,0,1
239,53001,5736,0,1
240,53001,5760,0,1
241,53001,5784,0,1
242,53001,5808,0,1
243,53001,5832,0,1
244,53001,5856,0,1
245,53001,5880,0,1
246,53001,5904,0,1
247,53001,5928,0,1
248,53001,5952,0,1
249,53001,5976,0,1
250,53001,6000,0,1
251,53001,6024,0,1
252,53001,6048,0,1
253,53001,6072,0,1
254,53001,6096,0,1
255,53001,6120,0,1
256,53001,6144,0,1
257,53001,6168,0,1
258,53001,6192,0,1
259,53001,6216,1,0
260,53001,6240,0,1
261,53001,6264,0,1
262,53001,6288,0,1
263,53001,6312,0,1
264,53001,6336,0,1
265,53001,6360,0,1
266,53001,6384,0,1
267,53001,6408,0,1
268,53001,6432,0,1
269,53001,6456,0,1
270,53001,6480,0,1
271,53001,6504,0,1
272,53001,6528,0,1
273,53001,6552,0,1
274,53001,6576,0,1
275,53001,6600,0,1
276,53001,6624,0,1
277,53001,6648,0,1
278,53001,6672,0,1
279,53001,6696,0,1
280,53001,6720,0,1
281,53001,6744,0,1
282,53001,6768,0,1
283,53001,6792,0,1
284,53001,6816,0,1
285,53001,6840,0,1
286,53001,6864,0,1
287,53001,6888,0,1
288,53001,6912,0,1
289,53001,6936,0,1
290,53001,6960,0,1
291,53001,6984,0,1
292,53001,7008,0,1
293,53001,7032,0,1
294,53001,7056,0,1
295,53001,7080,1,0
296,53001,7104,1,0
297,53001,7128,0,1
298,53001,7152,1,0
299,53001,7176,0,1
300,53001,7200,0,1
301,53001,7224,0,1
302,53001,7248,0,1
303,53001,7272,0,1
304,53001,7296,0,1
305,53001,7320,0,1
306,53001,7344,0,1
307,53001,7368,0,1
308,53001,7392,0,1
309,53001,7416,0,1
310,53001,7440,0,1
311,53001,7464,0,1
312,53001,7488,0,1
313,53001,7512,0,1
314,53001,7536,0,1
315,53001,7560,0,1
316,53001,7584,0,1
317,53001,7608,0,1
318,53001,7632,0,1
319,53001,7656,0,1
320,53001,7680,0,1
321,53001,7704,0,1
322,53001,7728,0,1
323,53001,7752,0,1
324,53001,7776,0,1
325,53001,7800,0,1
326,53001,7824,0,1
327,53001,7848,0,1
328,53001,7872,0,1
329,53001,7896,0,1
330,53001,7920,0,1
331,53001,7944,0,1
332,53001,7968,0,1
333,53001,7992,0,1
334,53001,8016,0,1
335,53001,8040,0,1
336,53001,8064,0,1
337,53001,8088,0,1
338,53001,8112,0,1
339,53001,8136,0,1
340,53001,8160,0,1
341,53001,8184,0,1
342,53001,8208,0,1
343,53001,8232,0,1
344,53001,8256,0,1
345,53001,8280,0,1
346,53001,8304,0,1
347,53001,8328,0,1
348,53001,8352,0,1
349,53001,8376,0,1
350,53001,8400,0,1
351,53001,8424,0,1
352,53001,8448,0,1
353,53001,8472,0,1
354,53001,8496,0,1
355,53001,8520,0,1
356,53001,8544,1,0
357,53001,8568,1,0
358,53001,8592,1,0
359,53001,8616,1,0
360,53001,8640,1,0
361,53001,8664,1,0
362,53001,8688,0,1
363,53001,8712,0,1
364,53001,8736,0,1
365,53001,8760,0,1
366,53001,8784,0,1
367,53001,8808,0,1
368,53001,8832,0,1
369,53001,8856,0,1
370,53001,8880,0,1
371,53001,8904,0,1
372,53001,8928,0,1
373,53001,8952,0,1
374,53001,8976,0,1
375,53001,9000,0,1
376,53001,9024,0,1
377,53001,9048,0,1
378,53001,9072,1,0
379,53001,9096,0,1
380,53001,9120,0,1
381,53001,9144,0,1
382,53001,9168,0,1
383,53001,9192,0,1
384,53001,9216,0,1
385,53001,9240,0,1
386,53001,9264,0,1
387,53001,9288,0,1
388,53001,9312,0,1
389,53001,9336,0,1
390,53001,9360,0,1
391,53001,9384,0,1
392,53001,9408,0,1
393,53001,9432,0,1
394,53001,9456,0,1
395,53001,9480,0,1
396,53001,9504,0,1
397,53001,9528,0,1
398,53001,9552,0,1
399,53001,9576,0,1
400,53001,9600,0,1
401,53001,9624,0,1
402,53001,9648,0,1
403,53001,9672,0,1
404,53001,9696,0,1
405,53001,9720,0,1
406,53001,9744,0,1
407,53001,9768,0,1
408,53001,9792,0,1
409,53001,9816,0,1
410,53001,9840,0,1
411,53001,9864,0,1
412,53001,9888,0,1
413,53001,9912,0,1
414,53001,9936,0,1
415,53001,9960,0,1
416,53001,9984,0,1
417,53001,10008,0,1
418,53001,10032,0,1
419,53001,10056,0,1
420,53001,10080,1,0
421,53001,10104,1,0
422,53001,10128,1,0
423,53001,10152,0,1
424,53001,10176,0,1
425,53001,10200,0,1
426,53001,10224,0,1
427,53001,10248,0,1
428,53001,10272,1,0
429,53001,10296,1,0
430,53001,10320,1,0
431,53001,10344,0,1
432,53001,10368,0,1
433,53001,10392,0,1
434,53001,10416,0,1
435,53001,10440,0,1
436,53001,10464,0,1
437,53001,10488,0,1
438,53001,10512,0,1
439,53001,10536,0,1
440,53001,10560,0,1
441,53001,10584,0,1
442,53001,10608,0,1
443,53001,10632,0,1
444,53001,10656,0,1
445,53001,10680,0,1
446,53001,10704,0,1
447,53001,10728,0,1
448,53001,10752,0,1
449,53001,10776,0,1
450,53001,10800,0,1
451,53001,10824,0,1
452,53001,10848,0,1
453,53001,10872,1,0
454,53001,10896,0,1
455,53001,10920,0,1
456,53001,10944,0,1
457,53001,10968,0,1
458,53001,10992,0,1
459,53001,11016,0,1
460,53001,11040,0,1
461,53001,11064,0,1
462,53001,11088,0,1
463,53001,11112,0,1
464,53001,11136,0,1
465,53001,11160,0,1
466,53001,11184,0,1
467,53001,11208,0,1
468,53001,11232,0,1
469,53001,11256,0,1
470,53001,11280,0,1
471,53001,11304,0,1
472,53001,11328,0,1
473,53001,11352,0,1
474,53001,11376,0,1
475,53001,11400,0,1
476,53001,11424,0,1
477,53001,11448,0,1
478,53001,11472,0,1
479,53001,11496,0,1
480,53001,11520,0,1
481,53001,11544,0,1
482,53001,11568,0,1
483,53001,11592,0,1
484,53001,11616,0,1
485,53001,11640,0,1
486,53001,11664,0,1
487,53001,11688,0,1
488,53001,11712,0,1
489,53001,11736,0,1
490,53001,11760,0,1
491,53001,11784,0,1
492,53001,11808,0,1
493,53001,11832,0,1
494,53001,11856,0,1
495,53001,11880,0,1
496,53001,11904,0,1
497,53001,11928,0,1
498,53001,11952,0,1
499,53001,11976,0,1
500,53001,12000,0,1
501,53001,12024,0,1
502,53001,12048,0,1
503,53001,12072,0,1
504,53001,12096,0,1
505,53001,12120,0,1
506,53001,12144,0,1
507,53001,12168,0,1
508,53001,12192,0,1
509,53001,12216,0,1
510,53001,12240,0,1
511,53001,12264,0,1
512,53001,12288,0,1
513,53001,12312,0,1
514,53001,12336,0,1
515,53001,12360,0,1
516,53001,12384,0,1
517,53001,12408,0,1
518,53001,12432,0,1
519,53001,12456,0,1
520,53001,12480,0,1
521,53001,12504,0,1
522,53001,12528,0,1
523,53001,12552,0,1
524,53001,12576,0,1
525,53001,12600,0,1
526,53001,12624,0,1
527,53001,12648,0,1
528,53001,12672,0,1
529,53001,12696,0,1
530,53001,12720,0,1
531,53001,12744,0,1
532,53001,12768,0,1
533,53001,12792,0,1
534,53001,12816,0,1
535,53001,12840,0,1
536,53001,12864,0,1
537,53001,12888,0,1
538,53001,12912,0,1
539,53001,12936,0,1
540,53001,12960,0,1
541,53001,12984,0,1
542,53001,13008,0,1
543,53001,13032,0,1
544,53001,13056,0,1
545,53001,13080,0,1
546,53001,13104,0,1
547,53001,13128,0,1
548,53001,13152,0,1
549,53001,13176,0,1
550,53001,13200,0,1
551,53001,13224,0,1
552,53001,13248,0,1
553,53001,13272,0,1
554,53001,13296,0,1
555,53001,13320,0,1
556,53001,13344,0,1
557,53001,13368,0,1
558,53001,13392,0,1
559,53001,13416,0,1
560,53001,13440,0,1
561,53001,13464,0,1
562,53001,13488,0,1
563,53001,13512,0,1
564,53001,13536,0,1
565,53001,13560,0,1
566,53001,13584,0,1
567,53001,13608,0,1
568,53001,13632,0,1
569,53001,13656,0,1
570,53001,13680,0,1
571,53001,13704,0,1
572,53001,13728,0,1
573,53001,13752,0,1
574,53001,13776,0,1
575,53001,13800,0,1
576,53001,13824,0,1
577,53001,13848,0,1
578,53001,13872,0,1
579,53001,13896,0,1
580,53001,13920,0,1
581,53001,13944,0,1
582,53001,13968,0,1
583,53001,13992,0,1
584,53001,14016,0,1
585,53001,14040,0,1
586,53001,14064,0,1
587,53001,14088,0,1
588,53001,14112,0,1
589,53001,14136,0,1
590,53001,14160,0,1
591,53001,14184,0,1
592,53001,14208,0,1
593,53001,14232,0,1
594,53001,14256,0,1
595,53001,14280,0,1
596,53001,14304,0,1
597,53001,14328,0,1
598,53001,14352,0,1
599,53001,14376,0,1
600,53001,14400,0,1
601,53001,14424,0,1
602,53001,14448,0,1
603,53001,14472,0,1
604,53001,14496,0,1
605,53001,14520,0,1
606,53001,14544,0,1
607,53001,14568,0,1
608,53001,14592,0,1
609,53001,14616,0,1
610,53001,14640,0,1
611,53001,14664,0,1
612,53001,14688,0,1
613,53001,14712,0,1
614,53001,14736,0,1
615,53001,14760,0,1
616,53001,14784,0,1
617,53001,14808,0,1
618,53001,14832,0,1
619,53001,14856,0,1
620,53001,14880,0,1
621,53001,14904,0,1
622,53001,14928,0,1
623,53001,14952,0,1
624,53001,14976,1,0
625,53001,15000,0,1
626,53001,15024,0,1
627,53001,15048,1,0
628,53001,15072,0,1
629,53001,15096,0,1
630,53001,15120,0,1
631,53001,15144,0,1
632,53001,15168,1,0
633,53001,15192,1,0
634,53001,15216,1,0
635,53001,15240,0,1
636,53001,15264,0,1
637,53001,15288,0,1
638,53001,15312,0,1
639,53001,15336,0,1
640,53001,15360,1,0
641,53001,15384,1,0
642,53001,15408,0,1
643,53001,15432,0,1
644,53001,15456,0,1
645,53001,15480,0,1
646,53001,15504,0,1
647,53001,15528,0,1
648,53001,15552,0,1
649,53001,15576,0,1
650,53001,15600,0,1
651,53001,15624,0,1
652,53001,15648,1,0
653,53001,15672,1,0
654,53001,15696,0,1
655,53001,15720,1,0
656,53001,15744,0,1
657,53001,15768,0,1
658,53001,15792,0,1
659,53001,15816,0,1
660,53001,15840,0,1
661,53001,15864,0,1
662,53001,15888,0,1
663,53001,15912,0,1
664,53001,15936,0,1
665,53001,15960,0,1
666,53001,15984,0,1
667,53001,16008,0,1
668,53001,16032,0,1
669,53001,16056,0,1
670,53001,16080,0,1
671,53001,16104,0,1
672,53001,16128,0,1
673,53001,16152,0,1
674,53001,16176,0,1
675,53001,16200,0,1
676,53001,16224,0,1
677,53001,16248,0,1
678,53001,16272,0,1
679,53001,16296,0,1
680,53001,16320,0,1
681,53001,16344,0,1
682,53001,16368,0,1
683,53001,16392,0,1
684,53001,16416,0,1
685,53001,16440,0,1
686,53001,16464,0,1
687,53001,16488,0,1
688,53001,16512,0,1
689,53001,16536,0,1
690,53001,16560,0,1
691,53001,16584,0,1
692,53001,16608,0,1
693,53001,16632,0,1
694,53001,16656,0,1
695,53001,16680,0,1
696,53001,16704,0,1
697,53001,16728,0,1
698,53001,16752,0,1
699,53001,16776,0,1
700,53001,16800,0,1
701,53001,16824,0,1
702,53001,16848,0,1
703,53001,16872,0,1
704,53001,16896,0,1
705,53001,16920,0,1
706,53001,16944,0,1
707,53001,16968,0,1
708,53001,16992,0,1
709,53001,17016,0,1
710,53001,17040,0,1
711,53001,17064,0,1
712,53001,17088,0,1
713,53001,17112,0,1
714,53001,17136,0,1
715,53001,17160,0,1
716,53001,17184,0,1
717,53001,17208,0,1
718,53001,17232,0,1
719,53001,17256,0,1
720,53001,17280,0,1
721,53001,17304,0,1
722,53001,17328,0,1
723,53001,17352,0,1
724,53001,17376,0,1
725,53001,17400,0,1
726,53001,17424,0,1
727,53001,17448,0,1
728,53001,17472,0,1
729,53001,17496,0,1
730,53001,17520,0,1
731,53001,17544,0,1
732,53001,17568,0,1
733,53001,17592,0,1
734,53001,17616,0,1
735,53001,17640,0,1
736,53001,17664,0,1
737,53001,17688,0,1
738,53001,17712,0,1
739,53001,17736,0,1
740,53001,17760,0,1
741,53001,17784,0,1
742,53001,17808,0,1
743,53001,17832,0,1
744,53001,17856,0,1
745,53001,17880,0,1
746,53001,17904,0,1
747,53001,17928,0,1
748,53001,17952,0,1
749,53001,17976,0,1
750,53001,18000,0,1
751,53001,18024,0,1
752,53001,18048,0,1
753,53001,18072,0,1
754,53001,18096,0,1
755,53001,18120,0,1
756,53001,18144,0,1
757,53001,18168,0,1
758,53001,18192,0,1
759,53001,18216,0,1
760,53001,18240,0,1
761,53001,18264,0,1
762,53001,18288,0,1
763,53001,18312,0,1
764,53001,18336,0,1
765,53001,18360,0,1
766,53001,18384,0,1
767,53001,18408,0,1
768,53001,18432,0,1
769,53001,18456,0,1
770,53001,18480,0,1
771,53001,18504,0,1
772,53001,18528,0,1
773,53001,18552,0,1
774,53001,18576,0,1
775,53001,18600,0,1
776,53001,18624,0,1
777,53001,18648,0,1
778,53001,18672,0,1
779,53001,18696,0,1
780,53001,18720,0,1
781,53001,18744,0,1
782,53001,18768,0,1
783,53001,18792,0,1
784,53001,18816,0,1
785,53001,18840,0,1
786,53001,18864,0,1
787,53001,18888,0,1
788,53001,18912,0,1
789,53001,18936,0,1
790,53001,18960,0,1
791,53001,18984,0,1
792,53001,19008,0,1
793,53001,19032,0,1
794,53001,19056,0,1
795,53001,19080,0,1
796,53001,19104,0,1
797,53001,19128,0,1
798,53001,19152,0,1
799,53001,19176,0,1
800,53001,19200,0,1
801,53001,19224,0,1
802,53001,19248,0,1
803,53001,19272,0,1
804,53001,19296,0,1
805,53001,19320,0,1
806,53001,19344,0,1
807,53001,19368,0,1
808,53001,19392,0,1
809,53001,19416,0,1
810,53001,19440,0,1
811,53001,19464,0,1
812,53001,19488,0,1
813,53001,19512,0,1
814,53001,19536,0,1
815,53001,19560,1,0
816,53001,19584,0,1
817,53001,19608,0,1
818,53001,19632,0,1
819,53001,19656,0,1
820,53001,19680,0,1
821,53001,19704,0,1
822,53001,19728,0,1
823,53001,19752,0,1
824,53001,19776,0,1
825,53001,19800,0,1
826,53001,19824,0,1
827,53001,19848,0,1
828,53001,19872,0,1
829,53001,19896,0,1
830,53001,19920,0,1
831,53001,19944,0,1
832,53001,19968,0,1
833,53001,19992,0,1
834,53001,20016,0,1
835,53001,20040,0,1
836,53001,20064,0,1
837,53001,20088,0,1
838,53001,20112,0,1
839,53001,20136,0,1
840,53001,20160,0,1
841,53001,20184,0,1
842,53001,20208,0,1
843,53001,20232,0,1
844,53001,20256,0,1
845,53001,20280,0,1
846,53001,20304,0,1
847,53001,20328,0,1
848,53001,20352,0,1
849,53001,20376,0,1
850,53001,20400,0,1
851,53001,20424,0,1
852,53001,20448,0,1
853,53001,20472,0,1
854,53001,20496,0,1
855,53001,20520,0,1
856,53001,20544,0,1
857,53001,20568,0,1
858,53001,20592,0,1
859,53001,20616,0,1
860,53001,20640,0,1
861,53001,20664,0,1
862,53001,20688,0,1
863,53001,20712,0,1
864,53001,20736,0,1
865,53001,20760,0,1
866,53001,20784,0,1
867,53001,20808,0,1
868,53001,20832,0,1
869,53001,20856,0,1
870,53001,20880,0,1
871,53001,20904,0,1
872,53001,20928,0,1
873,53001,20952,0,1
874,53001,20976,0,1
875,53001,21000,0,1
876,53001,21024,0,1
877,53001,21048,0,1
878,53001,21072,0,1
879,53001,21096,0,1
880,53001,21120,0,1
881,53001,21144,0,1
882,53001,21168,0,1
883,53001,21192,0,1
884,53001,21216,0,1
885,53001,21240,0,1
886,53001,21264,0,1
887,53001,21288,0,1
888,53001,21312,0,1
889,53001,21336,0,1
890,53001,21360,0,1
891,53001,21384,0,1
892,53001,21408,0,1
893,53001,21432,0,1
894,53001,21456,0,1
895,53001,21480,0,1
896,53001,21504,0,1
897,53001,21528,0,1
898,53001,21552,0,1
899,53001,21576,0,1
900,53001,21600,0,1
901,53001,21624,0,1
902,53001,21648,0,1
903,53001,21672,0,1
904,53001,21696,0,1
905,53001,21720,0,1
906,53001,21744,0,1
907,53001,21768,0,1
908,53001,21792,0,1
909,53001,21816,0,1
910,53001,21840,0,1
911,53001,21864,0,1
912,53001,21888,0,1
913,53001,21912,0,1
914,53001,21936,0,1
915,53001,21960,0,1
916,53001,21984,0,1
917,53001,22008,1,0
918,53001,22032,0,1
919,53001,22056,0,1
920,53001,22080,0,1
921,53001,22104,0,1
922,53001,22128,0,1
923,53001,22152,0,1
924,53001,22176,0,1
925,53001,22200,0,1
926,53001,22224,0,1
927,53001,22248,0,1
928,53001,22272,0,1
929,53001,22296,0,1
930,53001,22320,0,1
931,53001,22344,0,1
932,53001,22368,0,1
933,53001,22392,0,1
934,53001,22416,0,1
935,53001,22440,0,1
936,53001,22464,0,1
937,53001,22488,0,1
938,53001,22512,0,1
939,53001,22536,0,1
940,53001,22560,0,1
941,53001,22584,0,1
942,53001,22608,0,1
943,53001,22632,0,1
944,53001,22656,0,1
945,53001,22680,0,1
946,53001,22704,0,1
947,53001,22728,0,1
948,53001,22752,0,1
949,53001,22776,0,1
950,53001,22800,0,1
951,53001,22824,0,1
952,53001,22848,0,1
953,53001,22872,0,1
954,53001,22896,0,1
955,53001,22920,0,1
956,53001,22944,0,1
957,53001,22968,0,1
958,53001,22992,0,1
959,53001,23016,0,1
960,53001,23040,0,1
961,53001,23064,0,1
962,53001,23088,0,1
963,53001,23112,0,1
964,53001,23136,0,1
965,53001,23160,0,1
966,53001,23184,0,1
967,53001,23208,0,1
968,53001,23232,0,1
969,53001,23256,0,1
970,53001,23280,0,1
971,53001,23304,0,1
972,53001,23328,0,1
973,53001,23352,0,1
974,53001,23376,0,1
975,53001,23400,0,1
976,53001,23424,0,1
977,53001,23448,0,1
978,53001,23472,0,1
979,53001,23496,0,1
980,53001,23520,0,1
981,53001,23544,0,1
982,53001,23568,0,1
983,53001,23592,0,1
984,53001,23616,0,1
985,53001,23640,0,1
986,53001,23664,0,1
987,53001,23688,0,1
988,53001,23712,0,1
989,53001,23736,0,1
990,53001,23760,0,1
991,53001,23784,0,1
992,53001,23808,0,1
993,53001,23832,0,1
994,53001,23856,0,1
995,53001,23880,0,1
996,53001,23904,0,1
997,53001,23928,0,1
998,53001,23952,0,1
999,53001,23976,0,1
1000,53001,24000,0,1
1001,53001,24024,0,1
1002,53001,24048,0,1
1003,53001,24072,0,1
1004,53001,24096,0,1
1005,53001,24120,0,1
1006,53001,24144,0,1
1007,53001,24168,0,1
1008,53001,24192,0,1
1009,53001,24216,0,1
1010,53001,24240,0,1
1011,53001,24264,0,1
1012,53001,24288,0,1
1013,53001,24312,0,1
1014,53001,24336,0,1
1015,53001,24360,0,1
1016,53001,24384,0,1
1017,53001,24408,0,1
1018,53001,24432,0,1
1019,53001,24456,0,1
1020,53001,24480,0,1
1021,53001,24504,0,1
1022,53001,24528,0,1
1023,53001,24552,0,1
1024,53001,24576,0,1
1025,53001,24600,0,1
1026,53001,24624,0,1
1027,53001,24648,0,1
1028,53001,24672,0,1
1029,53001,24696,0,1
1030,53001,24720,0,1
1031,53001,24744,0,1
1032,53001,24768,0,1
1033,53001,24792,0,1
1034,53001,24816,0,1
1035,53001,24840,0,1
1036,53001,24864,0,1
1037,53001,24888,0,1
1038,53001,24912,0,1
1039,53001,24936,0,1
1040,53001,24960,0,1
1041,53001,24984,0,1
1042,53001,25008,0,1
1043,53001,25032,0,1
1044,53001,25056,0,1
1045,53001,25080,0,1
1046,53001,25104,0,1
1047,53001,25128,0,1
1048,53001,25152,0,1
1049,53001,25176,0,1
1050,53001,25200,0,1
1051,53001,25224,0,1
1052,53001,25248,0,1
1053,53001,25272,0,1
1054,53001,25296,0,1
1055,53001,25320,0,1
1056,53001,25344,0,1
1057,53001,25368,0,1
1058,53001,25392,0,1
1059,53001,25416,0,1
1060,53001,25440,0,1
1061,53001,25464,0,1
1062,53001,25488,0,1
1063,53001,25512,0,1
1064,53001,25536,0,1
1065,53001,25560,0,1
1066,53001,25584,0,1
1067,53001,25608,0,1
1068,53001,25632,0,1
1069,53001,25656,0,1
1070,53001,25680,0,1
1071,53001,25704,0,1
1072,53001,25728,0,1
1073,53001,25752,0,1
1074,53001,25776,0,1
1075,53001,25800,0,1
1076,53001,25824,0,1
1077,53001,25848,0,1
1078,53001,25872,0,1
1079,53001,25896,0,1
1080,53001,25920,0,1
1081,53001,25944,0,1
1082,53001,25968,0,1
1083,53001,25992,0,1
1084,53001,26016,0,1
1085,53001,26040,0,1
1086,53001,26064,0,1
1087,53001,26088,0,1
1088,53001,26112,0,1
1089,53001,26136,0,1
1090,53001,26160,0,1
1091,53001,26184,0,1
1092,53001,26208,0,1
1093,53001,26232,0,1
1094,53001,26256,0,1
1095,53001,26280,0,1
1096,53001,26304,0,1
1097,53001,26328,0,1
1098,53001,26352,0,1
1099,53001,26376,0,1
1100,53001,26400,0,1
1101,53001,26424,0,1
1102,53001,26448,0,1
1103,53001,26472,0,1
1104,53001,26496,0,1
1105,53001,26520,0,1
1106,53001,26544,0,1
1107,53001,26568,0,1
1108,53001,26592,0,1
1109,53001,26616,0,1
1110,53001,26640,0,1
1111,53001,26664,0,1
1112,53001,26688,0,1
1113,53001,26712,0,1
1114,53001,26736,0,1
1115,53001,26760,0,1
1116,53001,26784,0,1
1117,53001,26808,0,1
1118,53001,26832,0,1
1119,53001,26856,0,1
1120,53001,26880,0,1
1121,53001,26904,0,1
1122,53001,26928,0,1
1123,53001,26952,0,1
1124,53001,26976,0,1
1125,53001,27000,0,1
1126,53001,27024,0,1
1127,53001,27048,0,1
1128,53001,27072,0,1
1129,53001,27096,0,1
1130,53001,27120,0,1
1131,53001,27144,0,1
1132,53001,27168,0,1
1133,53001,27192,0,1
1134,53001,27216,0,1
1135,53001,27240,0,1
1136,53001,27264,0,1
1137,53001,27288,0,1
1138,53001,27312,0,1
1139,53001,27336,0,1
1140,53001,27360,1,0
1141,53001,27384,0,1
1142,53001,27408,1,0
1143,53001,27432,0,1
1144,53001,27456,0,1
1145,53001,27480,0,1
1146,53001,27504,0,1
1147,53001,27528,0,1
1148,53001,27552,0,1
1149,53001,27576,0,1
1150,53001,27600,0,1
1151,53001,27624,0,1
1152,53001,27648,0,1
1153,53001,27672,0,1
1154,53001,27696,0,1
1155,53001,27720,0,1
1156,53001,27744,0,1
1157,53001,27768,0,1
1158,53001,27792,0,1
1159,53001,27816,0,1
1160,53001,27840,0,1
1161,53001,27864,0,1
1162,53001,27888,0,1
1163,53001,27912,0,1
1164,53001,27936,0,1
1165,53001,27960,0,1
1166,53001,27984,0,1
1167,53001,28008,0,1
1168,53001,28032,0,1
1169,53001,28056,0,1
1170,53001,28080,0,1
1171,53001,28104,0,1
1172,53001,28128,0,1
1173,53001,28152,0,1
1174,53001,28176,0,1
1175,53001,28200,0,1
1176,53001,28224,0,1
1177,53001,28248,0,1
1178,53001,28272,0,1
1179,53001,28296,0,1
1180,53001,28320,1,0
1181,53001,28344,0,1
1182,53001,28368,0,1
1183,53001,28392,0,1
1184,53001,28416,0,1
1185,53001,28440,0,1
1186,53001,28464,0,1
1187,53001,28488,0,1
1188,53001,28512,0,1
1189,53001,28536,0,1
1190,53001,28560,0,1
1191,53001,28584,0,1
1192,53001,28608,0,1
1193,53001,28632,0,1
1194,53001,28656,0,1
1195,53001,28680,0,1
1196,53001,28704,0,1
1197,53001,28728,0,1
1198,53001,28752,0,1
1199,53001,28776,0,1
1200,53001,28800,0,1
1201,53001,28824,0,1
1202,53001,28848,0,1
1203,53001,28872,0,1
1204,53001,28896,0,1
1205,53001,28920,0,1
1206,53001,28944,0,1
1207,53001,28968,0,1
1208,53001,28992,0,1
1209,53001,29016,0,1
1210,53001,29040,0,1
1211,53001,29064,0,1
1212,53001,29088,0,1
1213,53001,29112,0,1
1214,53001,29136,0,1
1215,53001,29160,0,1
1216,53001,29184,0,1
1217,53001,29208,0,1
1218,53001,29232,0,1
1219,53001,29256,0,1
1220,53001,29280,0,1
1221,53001,29304,0,1
1222,53001,29328,0,1
1223,53001,29352,0,1
1224,53001,29376,0,1
1225,53001,29400,0,1
1226,53001,29424,0,1
1227,53001,29448,0,1
1228,53001,29472,0,1
1229,53001,29496,0,1
1230,53001,29520,0,1
1231,53001,29544,0,1
1232,53001,29568,0,1
1233,53001,29592,0,1
1234,53001,29616,0,1
1235,53001,29640,0,1
1236,53001,29664,0,1
1237,53001,29688,0,1
1238,53001,29712,0,1
1239,53001,29736,0,1
1240,53001,29760,0,1
1241,53001,29784,0,1
1242,53001,29808,0,1
1243,53001,29832,0,1
1244,53001,29856,0,1
1245,53001,29880,0,1
1246,53001,29904,1,0
1247,53001,29928,1,0
1248,53001,29952,0,1
1249,53001,29976,0,1
1250,53001,30000,0,1
1251,53001,30024,0,1
1252,53001,30048,0,1
1253,53001,30072,0,1
1254,53001,30096,0,1
1255,53001,30120,0,1
1256,53001,30144,0,1
1257,53001,30168,0,1
1258,53001,30192,0,1
1259,53001,30216,0,1
1260,53001,30240,0,1
1261,53001,30264,0,1
1262,53001,30288,0,1
1263,53001,30312,0,1
1264,53001,30336,0,1
1265,53001,30360,0,1
1266,53001,30384,0,1
1267,53001,30408,0,1
1268,53001,30432,0,1
1269,53001,30456,0,1
1270,53001,30480,0,1
1271,53001,30504,0,1
1272,53001,30528,0,1
1273,53001,30552,0,1
1274,53001,30576,0,1
1275,53001,30600,0,1
1276,53001,30624,1,0
1277,53001,30648,0,1
1278,53001,30672,0,1
1279,53001,30696,0,1
1280,53001,30720,0,1
1281,53001,30744,0,1
1282,53001,30768,1,0
1283,53001,30792,0,1
1284,53001,30816,0,1
1285,53001,30840,0,1
1286,53001,30864,0,1
1287,53001,30888,0,1
1288,53001,30912,0,1
1289,53001,30936,0,1
1290,53001,30960,0,1
1291,53001,30984,0,1
1292,53001,31008,0,1
1293,53001,31032,0,1
1294,53001,31056,0,1
1295,53001,31080,0,1
1296,53001,31104,0,1
1297,53001,31128,0,1
1298,53001,31152,0,1
1299,53001,31176,0,1
1300,53001,31200,0,1
1301,53001,31224,0,1
1302,53001,31248,0,1
1303,53001,31272,0,1
1304,53001,31296,0,1
1305,53001,31320,0,1
1306,53001,31344,0,1
1307,53001,31368,0,1
1308,53001,31392,0,1
1309,53001,31416,0,1
1310,53001,31440,0,1
1311,53001,31464,0,1
1312,53001,31488,0,1
1313,53001,31512,0,1
1314,53001,31536,0,1
1315,53001,31560,0,1
1316,53001,31584,0,1
1317,53001,31608,0,1
1318,53001,31632,0,1
1319,53001,31656,0,1
1320,53001,31680,0,1
1321,53001,31704,0,1
1322,53001,31728,0,1
1323,53001,31752,0,1
1324,53001,31776,0,1
1325,53001,31800,0,1
1326,53001,31824,0,1
1327,53001,31848,1,0
1328,53001,31872,0,1
1329,53001,31896,0,1
1330,53001,31920,0,1
1331,53001,31944,0,1
1332,53001,31968,0,1
1333,53001,31992,0,1
1334,53001,32016,0,1
1335,53001,32040,0,1
1336,53001,32064,0,1
1337,53001,32088,0,1
1338,53001,32112,0,1
1339,53001,32136,0,1
1340,53001,32160,0,1
1341,53001,32184,0,1
1342,53001,32208,0,1
1343,53001,32232,0,1
1344,53001,32256,0,1
1345,53001,32280,0,1
1346,53001,32304,0,1
1347,53001,32328,0,1
1348,53001,32352,0,1
1349,53001,32376,0,1
1350,53001,32400,0,1
1351,53001,32424,0,1
1352,53001,32448,0,1
1353,53001,32472,0,1
1354,53001,32496,0,1
1355,53001,32520,0,1
1356,53001,32544,0,1
1357,53001,32568,0,1
1358,53001,32592,0,1
1359,53001,32616,0,1
1360,53001,32640,0,1
1361,53001,32664,0,1
1362,53001,32688,1,0
1363,53001,32712,0,1
1364,53001,32736,0,1
1365,53001,32760,0,1
1366,53001,32784,0,1
1367,53001,32808,0,1
1368,53001,32832,0,1
1369,53001,32856,0,1
1370,53001,32880,0,1
1371,53001,32904,0,1
1372,53001,32928,0,1
1373,53001,32952,0,1
1374,53001,32976,0,1
1375,53001,33000,1,0
1376,53001,33024,0,1
1377,53001,33048,0,1
1378,53001,33072,0,1
1379,53001,33096,0,1
1380,53001,33120,1,0
1381,53001,33144,0,1
1382,53001,33168,0,1
1383,53001,33192,0,1
1384,53001,33216,1,0
1385,53001,33240,0,1
1386,53001,33264,0,1
1387,53001,33288,1,0
1388,53001,33312,0,1
1389,53001,33336,0,1
1390,53001,33360,0,1
1391,53001,33384,0,1
1392,53001,33408,0,1
1393,53001,33432,0,1
1394,53001,33456,0,1
1395,53001,33480,0,1
1396,53001,33504,0,1
1397,53001,33528,0,1
1398,53001,33552,0,1
1399,53001,33576,0,1
1400,53001,33600,0,1
1401,53001,33624,0,1
1402,53001,33648,0,1
1403,53001,33672,0,1
1404,53001,33696,0,1
1405,53001,33720,0,1
1406,53001,33744,0,1
1407,53001,33768,0,1
1408,53001,33792,0,1
1409,53001,33816,0,1
1410,53001,33840,0,1
1411,53001,33864,0,1
1412,53001,33888,0,1
1413,53001,33912,0,1
1414,53001,33936,0,1
1415,53001,33960,0,1
1416,53001,33984,0,1
1417,53001,34008,0,1
1418,53001,34032,0,1
1419,53001,34056,0,1
1420,53001,34080,0,1
1421,53001,34104,0,1
1422,53001,34128,0,1
1423,53001,34152,0,1
1424,53001,34176,0,1
1425,53001,34200,0,1
1426,53001,34224,0,1
1427,53001,34248,0,1
1428,53001,34272,0,1
1429,53001,34296,0,1
1430,53001,34320,0,1
1431,53001,34344,0,1
1432,53001,34368,0,1
1433,53001,34392,0,1
1434,53001,34416,0,1
1435,53001,34440,0,1
1436,53001,34464,0,1
1437,53001,34488,0,1
1438,53001,34512,0,1
1439,53001,34536,0,1
1440,53001,34560,0,1
1441,53001,34584,0,1
1442,53001,34608,0,1
1443,53001,34632,0,1
1444,53001,34656,0,1
1445,53001,34680,0,1
1446,53001,34704,0,1
1447,53001,34728,0,1
1448,53001,34752,0,1
1449,53001,34776,0,1
1450,53001,34800,0,1
1451,53001,34824,0,1
1452,53001,34848,0,1
1453,53001,34872,0,1
1454,53001,34896,0,1
1455,53001,34920,0,1
1456,53001,34944,0,1
1457,53001,34968,0,1
1458,53001,34992,0,1
1459,53001,35016,0,1
1460,53001,35040,0,1
1461,53001,35064,0,1
1462,53001,35088,0,1
1463,53001,35112,0,1
1464,53001,35136,0,1
1465,53001,35160,0,1
1466,53001,35184,0,1
1467,53001,35208,0,1
1468,53001,35232,0,1
1469,53001,35256,0,1
1470,53001,35280,0,1
1471,53001,35304,0,1
1472,53001,35328,0,1
1473,53001,35352,0,1
1474,53001,35376,0,1
1475,53001,35400,0,1
1476,53001,35424,0,1
1477,53001,35448,0,1
1478,53001,35472,0,1
1479,53001,35496,0,1
1480,53001,35520,0,1
1481,53001,35544,0,1
1482,53001,35568,0,1
1483,53001,35592,0,1
1484,53001,35616,0,1
1485,53001,35640,0,1
1486,53001,35664,0,1
1487,53001,35688,0,1
1488,53001,35712,0,1
1489,53001,35736,0,1
1490,53001,35760,0,1
1491,53001,35784,0,1
1492,53001,35808,0,1
1493,53001,35832,0,1
1494,53001,35856,0,1
1495,53001,35880,0,1
1496,53001,35904,0,1
1497,53001,35928,0,1
1498,53001,35952,0,1
1499,53001,35976,0,1
1500,53001,36000,0,1
1501,53001,36024,0,1
1502,53001,36048,0,1
1503,53001,36072,0,1
1504,53001,36096,0,1
1505,53001,36120,0,1
1506,53001,36144,0,1
1507,53001,36168,0,1
1508,53001,36192,0,1
1509,53001,36216,0,1
1510,53001,36240,0,1
1511,53001,36264,0,1
1512,53001,36288,0,1
1513,53001,36312,0,1
1514,53001,36336,0,1
1515,53001,36360,0,1
1516,53001,36384,0,1
1517,53001,36408,0,1
1518,53001,36432,1,0
1519,53001,36456,0,1
1520,53001,36480,0,1
1521,53001,36504,0,1
1522,53001,36528,0,1
1523,53001,36552,0,1
1524,53001,36576,0,1
1525,53001,36600,0,1
1526,53001,36624,0,1
1527,53001,36648,0,1
1528,53001,36672,0,1
1529,53001,36696,0,1
1530,53001,36720,0,1
1531,53001,36744,0,1
1532,53001,36768,0,1
1533,53001,36792,0,1
1534,53001,36816,0,1
1535,53001,36840,0,1
1536,53001,36864,0,1
1537,53001,36888,0,1
1538,53001,36912,0,1
1539,53001,36936,0,1
1540,53001,36960,0,1
1541,53001,36984,0,1
1542,53001,37008,0,1
1543,53001,37032,0,1
1544,53001,37056,0,1
1545,53001,37080,0,1
1546,53001,37104,0,1
1547,53001,37128,0,1
1548,53001,37152,0,1
1549,53001,37176,0,1
1550,53001,37200,0,1
1551,53001,37224,0,1
1552,53001,37248,0,1
1553,53001,37272,0,1
1554,53001,37296,0,1
1555,53001,37320,0,1
1556,53001,37344,0,1
1557,53001,37368,0,1
1558,53001,37392,0,1
1559,53001,37416,0,1
1560,53001,37440,0,1
1561,53001,37464,0,1
1562,53001,37488,0,1
1563,53001,37512,0,1
1564,53001,37536,0,1
1565,53001,37560,0,1
1566,53001,37584,0,1
1567,53001,37608,0,1
1568,53001,37632,0,1
1569,53001,37656,0,1
1570,53001,37680,0,1
1571,53001,37704,0,1
1572,53001,37728,0,1
1573,53001,37752,0,1
1574,53001,37776,0,1
1575,53001,37800,0,1
1576,53001,37824,0,1
1577,53001,37848,0,1
1578,53001,37872,0,1
1579,53001,37896,0,1
1580,53001,37920,0,1
1581,53001,37944,0,1
1582,53001,37968,0,1
1583,53001,37992,0,1
1584,53001,38016,0,1
1585,53001,38040,0,1
1586,53001,38064,0,1
1587,53001,38088,0,1
1588,53001,38112,0,1
1589,53001,38136,0,1
1590,53001,38160,0,1
1591,53001,38184,0,1
1592,53001,38208,0,1
1593,53001,38232,0,1
1594,53001,38256,0,1
1595,53001,38280,0,1
1596,53001,38304,0,1
1597,53001,38328,0,1
1598,53001,38352,0,1
1599,53001,38376,0,1
1600,53001,38400,0,1
1601,53001,38424,0,1
1602,53001,38448,0,1
1603,53001,38472,0,1
1604,53001,38496,0,1
1605,53001,38520,0,1
1606,53001,38544,0,1
1607,53001,38568,0,1
1608,53001,38592,0,1
1609,53001,38616,0,1
1610,53001,38640,1,0
1611,53001,38664,1,0
1612,53001,38688,0,1
1613,53001,38712,0,1
1614,53001,38736,0,1
1615,53001,38760,0,1
1616,53001,38784,0,1
1617,53001,38808,0,1
1618,53001,38832,0,1
1619,53001,38856,0,1
1620,53001,38880,0,1
1621,53001,38904,1,0
1622,53001,38928,0,1
1623,53001,38952,1,0
1624,53001,38976,0,1
1625,53001,39000,0,1
1626,53001,39024,0,1
1627,53001,39048,0,1
1628,53001,39072,0,1
1629,53001,39096,0,1
1630,53001,39120,0,1
1631,53001,39144,0,1
1632,53001,39168,0,1
1633,53001,39192,0,1
1634,53001,39216,0,1
1635,53001,39240,0,1
1636,53001,39264,0,1
1637,53001,39288,0,1
1638,53001,39312,1,0
1639,53001,39336,0,1
1640,53001,39360,0,1
1641,53001,39384,0,1
1642,53001,39408,0,1
1643,53001,39432,0,1
1644,53001,39456,0,1
1645,53001,39480,0,1
1646,53001,39504,0,1
1647,53001,39528,0,1
1648,53001,39552,0,1
1649,53001,39576,0,1
1650,53001,39600,0,1
1651,53001,39624,0,1
1652,53001,39648,0,1
1653,53001,39672,0,1
1654,53001,39696,0,1
1655,53001,39720,0,1
1656,53001,39744,0,1
1657,53001,39768,0,1
1658,53001,39792,0,1
1659,53001,39816,0,1
1660,53001,39840,0,1
1661,53001,39864,0,1
1662,53001,39888,0,1
1663,53001,39912,0,1
1664,53001,39936,0,1
1665,53001,39960,0,1
1666,53001,39984,0,1
1667,53001,40008,0,1
1668,53001,40032,0,1
1669,53001,40056,0,1
1670,53001,40080,0,1
1671,53001,40104,0,1
1672,53001,40128,0,1
1673,53001,40152,0,1
1674,53001,40176,1,0
1675,53001,40200,0,1
1676,53001,40224,0,1
1677,53001,40248,0,1
1678,53001,40272,0,1
1679,53001,40296,0,1
1680,53001,40320,0,1
1681,53001,40344,0,1
1682,53001,40368,0,1
1683,53001,40392,0,1
1684,53001,40416,0,1
1685,53001,40440,0,1
1686,53001,40464,0,1
1687,53001,40488,0,1
1688,53001,40512,0,1
1689,53001,40536,0,1
1690,53001,40560,0,1
1691,53001,40584,0,1
1692,53001,40608,0,1
1693,53001,40632,0,1
1694,53001,40656,0,1
1695,53001,40680,0,1
1696,53001,40704,0,1
1697,53001,40728,0,1
1698,53001,40752,1,0
1699,53001,40776,0,1
1700,53001,40800,0,1
1701,53001,40824,0,1
1702,53001,40848,0,1
1703,53001,40872,0,1
1704,53001,40896,0,1
1705,53001,40920,0,1
1706,53001,40944,0,1
1707,53001,40968,0,1
1708,53001,40992,0,1
1709,53001,41016,0,1
1710,53001,41040,0,1
1711,53001,41064,0,1
1712,53001,41088,0,1
1713,53001,41112,0,1
1714,53001,41136,0,1
1715,53001,41160,0,1
1716,53001,41184,0,1
1717,53001,41208,0,1
1718,53001,41232,0,1
1719,53001,41256,0,1
1720,53001,41280,0,1
1721,53001,41304,0,1
1722,53001,41328,0,1
1723,53001,41352,0,1
1724,53001,41376,0,1
1725,53001,41400,0,1
1726,53001,41424,0,1
1727,53001,41448,0,1
1728,53001,41472,0,1
1729,53001,41496,0,1
1730,53001,41520,0,1
1731,53001,41544,0,1
1732,53001,41568,0,1
1733,53001,41592,0,1
1734,53001,41616,0,1
1735,53001,41640,0,1
1736,53001,41664,0,1
1737,53001,41688,0,1
1738,53001,41712,0,1
1739,53001,41736,0,1
1740,53001,41760,0,1
1741,53001,41784,0,1
1742,53001,41808,0,1
1743,53001,41832,0,1
1744,53001,41856,0,1
1745,53001,41880,0,1
1746,53001,41904,0,1
1747,53001,41928,0,1
1748,53001,41952,0,1
1749,53001,41976,0,1
1750,53001,42000,0,1
1751,53001,42024,0,1
1752,53001,42048,0,1
1753,53001,42072,0,1
1754,53001,42096,0,1
1755,53001,42120,0,1
1756,53001,42144,0,1
1757,53001,42168,0,1
1758,53001,42192,0,1
1759,53001,42216,0,1
1760,53001,42240,0,1
1761,53001,42264,0,1
1762,53001,42288,0,1
1763,53001,42312,0,1
1764,53001,42336,0,1
1765,53001,42360,0,1
1766,53001,42384,0,1
1767,53001,42408,0,1
1768,53001,42432,0,1
1769,53001,42456,0,1
1770,53001,42480,0,1
1771,53001,42504,0,1
1772,53001,42528,0,1
1773,53001,42552,0,1
1774,53001,42576,0,1
1775,53001,42600,0,1
1776,53001,42624,0,1
1777,53001,42648,0,1
1778,53001,42672,0,1
1779,53001,42696,0,1
1780,53001,42720,0,1
1781,53001,42744,0,1
1782,53001,42768,0,1
1783,53001,42792,0,1
1784,53001,42816,0,1
1785,53001,42840,0,1
1786,53001,42864,0,1
1787,53001,42888,0,1
1788,53001,42912,0,1
1789,53001,42936,0,1
1790,53001,42960,0,1
1791,53001,42984,0,1
1792,53001,43008,0,1
1793,53001,43032,0,1
1794,53001,43056,0,1
1795,53001,43080,0,1
1796,53001,43104,0,1
1797,53001,43128,0,1
1798,53001,43152,0,1
1799,53001,43176,0,1
1800,53001,43200,0,1
1801,53001,43224,0,1
1802,53001,43248,0,1
1803,53001,43272,0,1
1804,53001,43296,0,1
1805,53001,43320,0,1
1806,53001,43344,0,1
1807,53001,43368,1,0
1808,53001,43392,0,1
1809,53001,43416,0,1
1810,53001,43440,0,1
1811,53001,43464,0,1
1812,53001,43488,0,1
1813,53001,43512,0,1
1814,53001,43536,0,1
1815,53001,43560,0,1
1816,53001,43584,0,1
1817,53001,43608,0,1
1818,53001,43632,0,1
1819,53001,43656,0,1
1820,53001,43680,0,1
1821,53001,43704,0,1
1822,53001,43728,0,1
1823,53001,43752,0,1
1824,53001,43776,0,1
1825,53001,43800,0,1
1826,53001,43824,0,1
1827,53001,43848,0,1
1828,53001,43872,0,1
1829,53001,43896,1,0
1830,53001,43920,1,0
1831,53001,43944,1,0
1832,53001,43968,1,0
1833,53001,43992,1,0
1834,53001,44016,0,1
1835,53001,44040,0,1
1836,53001,44064,0,1
1837,53001,44088,1,0
1838,53001,44112,0,1
1839,53001,44136,0,1
1840,53001,44160,0,1
1841,53001,44184,1,0
1842,53001,44208,1,0
1843,53001,44232,0,1
1844,53001,44256,0,1
1845,53001,44280,0,1
1846,53001,44304,0,1
1847,53001,44328,0,1
1848,53001,44352,0,1
1849,53001,44376,0,1
1850,53001,44400,1,0
1851,53001,44424,1,0
1852,53001,44448,1,0
1853,53001,44472,0,1
1854,53001,44496,0,1
1855,53001,44520,0,1
1856,53001,44544,0,1
1857,53001,44568,0,1
1858,53001,44592,0,1
1859,53001,44616,0,1
1860,53001,44640,0,1
1861,53001,44664,0,1
1862,53001,44688,0,1
1863,53001,44712,0,1
1864,53001,44736,0,1
1865,53001,44760,0,1
1866,53001,44784,0,1
1867,53001,44808,0,1
1868,53001,44832,0,1
1869,53001,44856,0,1
1870,53001,44880,0,1
1871,53001,44904,0,1
1872,53001,44928,0,1
1873,53001,44952,0,1
1874,53001,44976,0,1
1875,53001,45000,0,1
1876,53001,45024,0,1
1877,53001,45048,0,1
1878,53001,45072,0,1
1879,53001,45096,0,1
1880,53001,45120,0,1
1881,53001,45144,0,1
1882,53001,45168,0,1
1883,53001,45192,0,1
1884,53001,45216,1,0
1885,53001,45240,1,0
1886,53001,45264,0,1
1887,53001,45288,0,1
1888,53001,45312,0,1
1889,53001,45336,0,1
1890,53001,45360,0,1
1891,53001,45384,0,1
1892,53001,45408,0,1
1893,53001,45432,0,1
1894,53001,45456,0,1
1895,53001,45480,0,1
1896,53001,45504,1,0
1897,53001,45528,0,1
1898,53001,45552,0,1
1899,53001,45576,0,1
1900,53001,45600,0,1
1901,53001,45624,0,1
1902,53001,45648,0,1
1903,53001,45672,0,1
1904,53001,45696,1,0
1905,53001,45720,0,1
1906,53001,45744,0,1
1907,53001,45768,1,0
1908,53001,45792,0,1
1909,53001,45816,0,1
1910,53001,45840,0,1
1911,53001,45864,0,1
1912,53001,45888,0,1
1913,53001,45912,0,1
1914,53001,45936,0,1
1915,53001,45960,0,1
1916,53001,45984,0,1
1917,53001,46008,0,1
1918,53001,46032,0,1
1919,53001,46056,0,1
1920,53001,46080,0,1
1921,53001,46104,0,1
1922,53001,46128,0,1
1923,53001,46152,0,1
1924,53001,46176,0,1
1925,53001,46200,0,1
1926,53001,46224,0,1
1927,53001,46248,0,1
1928,53001,46272,0,1
1929,53001,46296,0,1
1930,53001,46320,0,1
1931,53001,46344,0,1
1932,53001,46368,0,1
1933,53001,46392,0,1
1934,53001,46416,0,1
1935,53001,46440,0,1
1936,53001,46464,0,1
1937,53001,46488,0,1
1938,53001,46512,0,1
1939,53001,46536,0,1
1940,53001,46560,0,1
1941,53001,46584,0,1
1942,53001,46608,0,1
1943,53001,46632,0,1
1944,53001,46656,0,1
1945,53001,46680,0,1
1946,53001,46704,0,1
1947,53001,46728,0,1
1948,53001,46752,0,1
1949,53001,46776,0,1
1950,53001,46800,0,1
1951,53001,46824,0,1
1952,53001,46848,0,1
1953,53001,46872,0,1
1954,53001,46896,0,1
1955,53001,46920,0,1
1956,53001,46944,0,1
1957,53001,46968,0,1
1958,53001,46992,0,1
1959,53001,47016,0,1
1960,53001,47040,0,1
1961,53001,47064,0,1
1962,53001,47088,0,1
1963,53001,47112,0,1
1964,53001,47136,0,1
1965,53001,47160,0,1
1966,53001,47184,0,1
1967,53001,47208,0,1
1968,53001,47232,0,1
1969,53001,47256,0,1
1970,53001,47280,0,1
1971,53001,47304,1,0
1972,53001,47328,0,1
1973,53001,47352,0,1
1974,53001,47376,0,1
1975,53001,47400,0,1
1976,53001,47424,0,1
1977,53001,47448,0,1
1978,53001,47472,0,1
1979,53001,47496,0,1
1980,53001,47520,0,1
1981,53001,47544,1,0
1982,53001,47568,0,1
1983,53001,47592,0,1
1984,53001,47616,0,1
1985,53001,47640,1,0
1986,53001,47664,1,0
1987,53001,47688,0,1
1988,53001,47712,0,1
1989,53001,47736,0,1
1990,53001,47760,0,1
1991,53001,47784,1,0
1992,53001,47808,0,1
1993,53001,47832,0,1
1994,53001,47856,0,1
1995,53001,47880,0,1
1996,53001,47904,0,1
1997,53001,47928,0,1
1998,53001,47952,1,0
1999,53001,47976,0,1
2000,53001,48000,0,1
2001,53001,48024,0,1
2002,53001,48048,0,1
2003,53001,48072,0,1
2004,53001,48096,0,1
2005,53001,48120,1,0
2006,53001,48144,1,0
2007,53001,48168,0,1
2008,53001,48192,1,0
2009,53001,48216,0,1
2010,53001,48240,0,1
2011,53001,48264,0,1
2012,53001,48288,0,1
2013,53001,48312,0,1
2014,53001,48336,0,1
2015,53001,48360,0,1
2016,53001,48384,0,1
2017,53001,48408,0,1
2018,53001,48432,0,1
2019,53001,48456,0,1
2020,53001,48480,0,1
2021,53001,48504,0,1
2022,53001,48528,0,1
2023,53001,48552,0,1
2024,53001,48576,0,1
2025,53001,48600,0,1
2026,53001,48624,0,1
2027,53001,48648,0,1
2028,53001,48672,0,1
2029,53001,48696,0,1
2030,53001,48720,0,1
2031,53001,48744,0,1
2032,53001,48768,0,1
2033,53001,48792,0,1
2034,53001,48816,0,1
2035,53001,48840,0,1
2036,53001,48864,0,1
2037,53001,48888,0,1
2038,53001,48912,0,1
2039,53001,48936,0,1
2040,53001,48960,0,1
2041,53001,48984,0,1
2042,53001,49008,0,1
2043,53001,49032,0,1
2044,53001,49056,0,1
2045,53001,49080,0,1
2046,53001,49104,0,1
2047,53001,49128,0,1
2048,53001,49152,0,1
2049,53001,49176,0,1
2050,53001,49200,0,1
2051,53001,49224,0,1
2052,53001,49248,0,1
2053,53001,49272,0,1
2054,53001,49296,0,1
2055,53001,49320,0,1
2056,53001,49344,0,1
2057,53001,49368,0,1
2058,53001,49392,0,1
2059,53001,49416,0,1
2060,53001,49440,0,1
2061,53001,49464,0,1
2062,53001,49488,0,1
2063,53001,49512,0,1
2064,53001,49536,0,1
2065,53001,49560,0,1
2066,53001,49584,0,1
2067,53001,49608,0,1
2068,53001,49632,0,1
2069,53001,49656,0,1
2070,53001,49680,0,1
2071,53001,49704,0,1
2072,53001,49728,0,1
2073,53001,49752,0,1
2074,53001,49776,0,1
2075,53001,49800,0,1
2076,53001,49824,0,1
2077,53001,49848,0,1
2078,53001,49872,0,1
2079,53001,49896,0,1
2080,53001,49920,0,1
2081,53001,49944,0,1
2082,53001,49968,0,1
2083,53001,49992,0,1
2084,53001,50016,0,1
2085,53001,50040,1,0
2086,53001,50064,0,1
2087,53001,50088,0,1
2088,53001,50112,0,1
2089,53001,50136,0,1
2090,53001,50160,0,1
2091,53001,50184,0,1
2092,53001,50208,0,1
2093,53001,50232,0,1
2094,53001,50256,0,1
2095,53001,50280,0,1
2096,53001,50304,0,1
2097,53001,50328,0,1
2098,53001,50352,0,1
2099,53001,50376,0,1
2100,53001,50400,0,1
2101,53001,50424,0,1
2102,53001,50448,0,1
2103,53001,50472,0,1
2104,53001,50496,0,1
2105,53001,50520,0,1
2106,53001,50544,0,1
2107,53001,50568,0,1
2108,53001,50592,0,1
2109,53001,50616,0,1
2110,53001,50640,0,1
2111,53001,50664,0,1
2112,53001,50688,0,1
2113,53001,50712,0,1
2114,53001,50736,0,1
2115,53001,50760,0,1
2116,53001,50784,0,1
2117,53001,50808,0,1
2118,53001,50832,0,1
2119,53001,50856,0,1
2120,53001,50880,0,1
2121,53001,50904,0,1
2122,53001,50928,0,1
2123,53001,50952,0,1
2124,53001,50976,0,1
2125,53001,51000,0,1
2126,53001,51024,0,1
2127,53001,51048,0,1
2128,53001,51072,0,1
2129,53001,51096,0,1
2130,53001,51120,0,1
2131,53001,51144,0,1
2132,53001,51168,0,1
2133,53001,51192,0,1
2134,53001,51216,0,1
2135,53001,51240,0,1
2136,53001,51264,0,1
2137,53001,51288,0,1
2138,53001,51312,0,1
2139,53001,51336,0,1
2140,53001,51360,0,1
2141,53001,51384,0,1
2142,53001,51408,0,1
2143,53001,51432,0,1
2144,53001,51456,0,1
2145,53001,51480,0,1
2146,53001,51504,0,1
2147,53001,51528,0,1
2148,53001,51552,0,1
2149,53001,51576,0,1
2150,53001,51600,0,1
2151,53001,51624,0,1
2152,53001,51648,0,1
2153,53001,51672,0,1
2154,53001,51696,0,1
2155,53001,51720,0,1
2156,53001,51744,0,1
2157,53001,51768,0,1
2158,53001,51792,0,1
2159,53001,51816,0,1
2160,53001,51840,1,0
2161,53001,51864,1,0
2162,53001,51888,1,0
2163,53001,51912,1,0
2164,53001,51936,0,1
2165,53001,51960,0,1
2166,53001,51984,0,1
2167,53001,52008,1,0
2168,53001,52032,0,1
2169,53001,52056,0,1
2170,53001,52080,0,1
2171,53001,52104,0,1
2172,53001,52128,0,1
2173,53001,52152,1,0
2174,53001,52176,1,0
2175,53001,52200,0,1
2176,53001,52224,0,1
2177,53001,52248,0,1
2178,53001,52272,0,1
2179,53001,52296,0,1
2180,53001,52320,0,1
2181,53001,52344,0,1
2182,53001,52368,0,1
2183,53001,52392,0,1
2184,53001,52416,0,1
2185,53001,52440,0,1
2186,53001,52464,0,1
2187,53001,52488,0,1
2188,53001,52512,0,1
2189,53001,52536,0,1
2190,53001,52560,0,1
2191,53001,52584,0,1
2192,53001,52608,0,1
2193,53001,52632,0,1
2194,53001,52656,0,1
2195,53001,52680,0,1
2196,53001,52704,0,1
2197,53001,52728,1,0
2198,53001,52752,0,1
2199,53001,52776,1,0
2200,53001,52800,1,0
2201,53001,52824,0,1
2202,53001,52848,0,1
2203,53001,52872,0,1
2204,53001,52896,0,1
2205,53001,52920,0,1
2206,53001,52944,0,1
2207,53001,52968,0,1
2208,53001,52992,0,1
2209,53001,53016,0,1
2210,53001,53040,0,1
2211,53001,53064,0,1
2212,53001,53088,1,0
2213,53001,53112,0,1
2214,53001,53136,1,0
2215,53001,53160,0,1
2216,53001,53184,1,0
2217,53001,53208,0,1
2218,53001,53232,1,0
2219,53001,53256,0,1
2220,53001,53280,0,1
2221,53001,53304,0,1
2222,53001,53328,0,1
2223,53001,53352,1,0
2224,53001,53376,0,1
2225,53001,53400,0,1
2226,53001,53424,0,1
2227,53001,53448,0,1
2228,53001,53472,0,1
2229,53001,53496,0,1
2230,53001,53520,0,1
2231,53001,53544,0,1
2232,53001,53568,0,1
2233,53001,53592,0,1
2234,53001,53616,0,1
2235,53001,53640,0,1
2236,53001,53664,0,1
2237,53001,53688,0,1
2238,53001,53712,0,1
2239,53001,53736,1,0
2240,53001,53760,0,1
2241,53001,53784,0,1
2242,53001,53808,0,1
2243,53001,53832,0,1
2244,53001,53856,0,1
2245,53001,53880,0,1
2246,53001,53904,0,1
2247,53001,53928,0,1
2248,53001,53952,0,1
2249,53001,53976,0,1
2250,53001,54000,0,1
2251,53001,54024,1,0
2252,53001,54048,0,1
2253,53001,54072,0,1
2254,53001,54096,0,1
2255,53001,54120,0,1
2256,53001,54144,0,1
2257,53001,54168,0,1
2258,53001,54192,0,1
2259,53001,54216,1,0
2260,53001,54240,0,1
2261,53001,54264,0,1
2262,53001,54288,0,1
2263,53001,54312,0,1
2264,53001,54336,1,0
2265,53001,54360,0,1
2266,53001,54384,0,1
2267,53001,54408,0,1
2268,53001,54432,0,1
2269,53001,54456,0,1
2270,53001,54480,0,1
2271,53001,54504,0,1
2272,53001,54528,0,1
2273,53001,54552,0,1
2274,53001,54576,0,1
2275,53001,54600,0,1
2276,53001,54624,0,1
2277,53001,54648,0,1
2278,53001,54672,0,1
2279,53001,54696,0,1
2280,53001,54720,0,1
2281,53001,54744,1,0
2282,53001,54768,0,1
2283,53001,54792,1,0
2284,53001,54816,0,1
2285,53001,54840,0,1
2286,53001,54864,1,0
2287,53001,54888,1,0
2288,53001,54912,1,0
2289,53001,54936,1,0
2290,53001,54960,0,1
2291,53001,54984,1,0
2292,53001,55008,0,1
2293,53001,55032,0,1
2294,53001,55056,1,0
2295,53001,55080,1,0
2296,53001,55104,1,0
2297,53001,55128,1,0
2298,53001,55152,1,0
2299,53001,55176,1,0
2300,53001,55200,1,0
2301,53001,55224,1,0
2302,53001,55248,0,1
2303,53001,55272,0,1
2304,53001,55296,0,1
2305,53001,55320,0,1
2306,53001,55344,0,1
2307,53001,55368,0,1
2308,53001,55392,0,1
2309,53001,55416,0,1
2310,53001,55440,0,1
2311,53001,55464,0,1
2312,53001,55488,0,1
2313,53001,55512,0,1
2314,53001,55536,0,1
2315,53001,55560,0,1
2316,53001,55584,0,1
2317,53001,55608,0,1
2318,53001,55632,0,1
2319,53001,55656,0,1
2320,53001,55680,0,1
2321,53001,55704,0,1
2322,53001,55728,0,1
2323,53001,55752,0,1
2324,53001,55776,1,0
2325,53001,55800,0,1
2326,53001,55824,0,1
2327,53001,55848,0,1
2328,53001,55872,0,1
2329,53001,55896,0,1
2330,53001,55920,0,1
2331,53001,55944,0,1
2332,53001,55968,0,1
2333,53001,55992,0,1
2334,53001,56016,0,1
2335,53001,56040,0,1
2336,53001,56064,1,0
2337,53001,56088,0,1
2338,53001,56112,0,1
2339,53001,56136,1,0
2340,53001,56160,1,0
2341,53001,56184,1,0
2342,53001,56208,1,0
2343,53001,56232,1,0
2344,53001,56256,0,1
2345,53001,56280,1,0
2346,53001,56304,0,1
2347,53001,56328,1,0
2348,53001,56352,0,1
2349,53001,56376,0,1
2350,53001,56400,0,1
2351,53001,56424,0,1
2352,53001,56448,0,1
2353,53001,56472,0,1
2354,53001,56496,0,1
2355,53001,56520,0,1
2356,53001,56544,0,1
2357,53001,56568,1,0
2358,53001,56592,1,0
2359,53001,56616,0,1
2360,53001,56640,1,0
2361,53001,56664,0,1
2362,53001,56688,0,1
2363,53001,56712,0,1
2364,53001,56736,0,1
2365,53001,56760,0,1
2366,53001,56784,0,1
2367,53001,56808,0,1
2368,53001,56832,0,1
2369,53001,56856,0,1
2370,53001,56880,0,1
2371,53001,56904,0,1
2372,53001,56928,0,1
2373,53001,56952,0,1
2374,53001,56976,0,1
2375,53001,57000,1,0
2376,53001,57024,0,1
2377,53001,57048,0,1
2378,53001,57072,0,1
2379,53001,57096,0,1
2380,53001,57120,0,1
2381,53001,57144,0,1
2382,53001,57168,0,1
2383,53001,57192,0,1
2384,53001,57216,0,1
2385,53001,57240,0,1
2386,53001,57264,0,1
2387,53001,57288,0,1
2388,53001,57312,0,1
2389,53001,57336,0,1
2390,53001,57360,0,1
2391,53001,57384,0,1
2392,53001,57408,0,1
2393,53001,57432,0,1
2394,53001,57456,0,1
2395,53001,57480,0,1
2396,53001,57504,0,1
2397,53001,57528,0,1
2398,53001,57552,0,1
2399,53001,57576,0,1
2400,53001,57600,0,1
2401,53001,57624,0,1
2402,53001,57648,0,1
2403,53001,57672,0,1
2404,53001,57696,0,1
2405,53001,57720,1,0
2406,53001,57744,1,0
2407,53001,57768,1,0
2408,53001,57792,1,0
2409,53001,57816,1,0
2410,53001,57840,1,0
2411,53001,57864,1,0
2412,53001,57888,1,0
2413,53001,57912,1,0
2414,53001,57936,0,1
2415,53001,57960,0,1
2416,53001,57984,0,1
2417,53001,58008,0,1
2418,53001,58032,0,1
2419,53001,58056,0,1
2420,53001,58080,0,1
2421,53001,58104,0,1
2422,53001,58128,0,1
2423,53001,58152,0,1
2424,53001,58176,0,1
2425,53001,58200,0,1
2426,53001,58224,0,1
2427,53001,58248,0,1
2428,53001,58272,0,1
2429,53001,58296,0,1
2430,53001,58320,0,1
2431,53001,58344,0,1
2432,53001,58368,0,1
2433,53001,58392,0,1
2434,53001,58416,0,1
2435,53001,58440,0,1
2436,53001,58464,0,1
2437,53001,58488,0,1
2438,53001,58512,0,1
2439,53001,58536,0,1
2440,53001,58560,0,1
2441,53001,58584,0,1
2442,53001,58608,0,1
2443,53001,58632,0,1
2444,53001,58656,0,1
2445,53001,58680,0,1
2446,53001,58704,0,1
2447,53001,58728,0,1
2448,53001,58752,0,1
2449,53001,58776,0,1
2450,53001,58800,0,1
2451,53001,58824,0,1
2452,53001,58848,0,1
2453,53001,58872,0,1
2454,53001,58896,0,1
2455,53001,58920,0,1
2456,53001,58944,0,1
2457,53001,58968,0,1
2458,53001,58992,0,1
2459,53001,59016,1,0
2460,53001,59040,0,1
2461,53001,59064,0,1
2462,53001,59088,1,0
2463,53001,59112,0,1
2464,53001,59136,0,1
2465,53001,59160,0,1
2466,53001,59184,0,1
2467,53001,59208,1,0
2468,53001,59232,0,1
2469,53001,59256,0,1
2470,53001,59280,0,1
2471,53001,59304,0,1
2472,53001,59328,0,1
2473,53001,59352,0,1
2474,53001,59376,0,1
2475,53001,59400,0,1
2476,53001,59424,0,1
2477,53001,59448,1,0
2478,53001,59472,0,1
2479,53001,59496,0,1
2480,53001,59520,0,1
2481,53001,59544,0,1
2482,53001,59568,0,1
2483,53001,59592,0,1
2484,53001,59616,0,1
2485,53001,59640,0,1
2486,53001,59664,0,1
2487,53001,59688,0,1
2488,53001,59712,0,1
2489,53001,59736,0,1
2490,53001,59760,0,1
2491,53001,59784,0,1
2492,53001,59808,0,1
2493,53001,59832,0,1
2494,53001,59856,0,1
2495,53001,59880,0,1
2496,53001,59904,0,1
2497,53001,59928,0,1
2498,53001,59952,0,1
2499,53001,59976,0,1
2500,53001,60000,1,0
2501,53001,60024,1,0
2502,53001,60048,0,1
2503,53001,60072,0,1
2504,53001,60096,0,1
2505,53001,60120,0,1
2506,53001,60144,0,1
2507,53001,60168,0,1
2508,53001,60192,0,1
2509,53001,60216,0,1
2510,53001,60240,0,1
2511,53001,60264,0,1
2512,53001,60288,0,1
2513,53001,60312,0,1
2514,53001,60336,0,1
2515,53001,60360,0,1
2516,53001,60384,0,1
2517,53001,60408,0,1
2518,53001,60432,0,1
2519,53001,60456,0,1
2520,53001,60480,0,1
2521,53001,60504,0,1
2522,53001,60528,0,1
2523,53001,60552,0,1
2524,53001,60576,0,1
2525,53001,60600,0,1
2526,53001,60624,0,1
2527,53001,60648,0,1
2528,53001,60672,0,1
2529,53001,60696,0,1
2530,53001,60720,0,1
2531,53001,60744,0,1
2532,53001,60768,0,1
2533,53001,60792,0,1
2534,53001,60816,0,1
2535,53001,60840,0,1
2536,53001,60864,0,1
2537,53001,60888,0,1
2538,53001,60912,0,1
2539,53001,60936,0,1
2540,53001,60960,0,1
2541,53001,60984,0,1
2542,53001,61008,0,1
2543,53001,61032,0,1
2544,53001,61056,0,1
2545,53001,61080,0,1
2546,53001,61104,0,1
2547,53001,61128,0,1
2548,53001,61152,0,1
2549,53001,61176,0,1
2550,53001,61200,0,1
2551,53001,61224,0,1
2552,53001,61248,0,1
2553,53001,61272,0,1
2554,53001,61296,0,1
2555,53001,61320,0,1
2556,53001,61344,0,1
2557,53001,61368,0,1
2558,53001,61392,0,1
2559,53001,61416,0,1
2560,53001,61440,0,1
2561,53001,61464,0,1
2562,53001,61488,0,1
2563,53001,61512,1,0
2564,53001,61536,0,1
2565,53001,61560,1,0
2566,53001,61584,1,0
2567,53001,61608,1,0
2568,53001,61632,0,1
2569,53001,61656,1,0
2570,53001,61680,1,0
2571,53001,61704,0,1
2572,53001,61728,1,0
2573,53001,61752,1,0
2574,53001,61776,1,0
2575,53001,61800,1,0
2576,53001,61824,1,0
2577,53001,61848,1,0
2578,53001,61872,1,0
2579,53001,61896,1,0
2580,53001,61920,1,0
2581,53001,61944,0,1
2582,53001,61968,0,1
2583,53001,61992,0,1
2584,53001,62016,0,1
2585,53001,62040,0,1
2586,53001,62064,0,1
2587,53001,62088,0,1
2588,53001,62112,0,1
2589,53001,62136,0,1
2590,53001,62160,0,1
2591,53001,62184,0,1
2592,53001,62208,0,1
2593,53001,62232,0,1
2594,53001,62256,0,1
2595,53001,62280,0,1
2596,53001,62304,0,1
2597,53001,62328,0,1
2598,53001,62352,0,1
2599,53001,62376,0,1
2600,53001,62400,0,1
2601,53001,62424,0,1
2602,53001,62448,0,1
2603,53001,62472,0,1
2604,53001,62496,0,1
2605,53001,62520,0,1
2606,53001,62544,0,1
2607,53001,62568,0,1
2608,53001,62592,0,1
2609,53001,62616,0,1
2610,53001,62640,0,1
2611,53001,62664,0,1
2612,53001,62688,0,1
2613,53001,62712,0,1
2614,53001,62736,0,1
2615,53001,62760,0,1
2616,53001,62784,0,1
2617,53001,62808,0,1
2618,53001,62832,0,1
2619,53001,62856,0,1
2620,53001,62880,0,1
2621,53001,62904,0,1
2622,53001,62928,0,1
2623,53001,62952,0,1
2624,53001,62976,0,1
2625,53001,63000,0,1
2626,53001,63024,0,1
2627,53001,63048,0,1
2628,53001,63072,0,1
2629,53001,63096,0,1
2630,53001,63120,0,1
2631,53001,63144,0,1
2632,53001,63168,0,1
2633,53001,63192,0,1
2634,53001,63216,0,1
2635,53001,63240,0,1
2636,53001,63264,0,1
2637,53001,63288,0,1
2638,53001,63312,0,1
2639,53001,63336,0,1
2640,53001,63360,0,1
2641,53001,63384,0,1
2642,53001,63408,0,1
2643,53001,63432,0,1
2644,53001,63456,0,1
2645,53001,63480,0,1
2646,53001,63504,0,1
2647,53001,63528,0,1
2648,53001,63552,0,1
2649,53001,63576,0,1
2650,53001,63600,0,1
2651,53001,63624,0,1
2652,53001,63648,0,1
2653,53001,63672,0,1
2654,53001,63696,0,1
2655,53001,63720,0,1
2656,53001,63744,0,1
2657,53001,63768,0,1
2658,53001,63792,0,1
2659,53001,63816,0,1
2660,53001,63840,0,1
2661,53001,63864,0,1
2662,53001,63888,0,1
2663,53001,63912,0,1
2664,53001,63936,0,1
2665,53001,63960,0,1
2666,53001,63984,0,1
2667,53001,64008,0,1
2668,53001,64032,0,1
2669,53001,64056,0,1
2670,53001,64080,0,1
2671,53001,64104,0,1
2672,53001,64128,0,1
2673,53001,64152,0,1
2674,53001,64176,0,1
2675,53001,64200,0,1
2676,53001,64224,0,1
2677,53001,64248,0,1
2678,53001,64272,0,1
2679,53001,64296,0,1
2680,53001,64320,0,1
2681,53001,64344,0,1
2682,53001,64368,0,1
2683,53001,64392,0,1
2684,53001,64416,0,1
2685,53001,64440,0,1
2686,53001,64464,0,1
2687,53001,64488,0,1
2688,53001,64512,0,1
2689,53001,64536,0,1
2690,53001,64560,0,1
2691,53001,64584,0,1
2692,53001,64608,0,1
2693,53001,64632,0,1
2694,53001,64656,0,1
2695,53001,64680,0,1
2696,53001,64704,0,1
2697,53001,64728,0,1
2698,53001,64752,0,1
2699,53001,64776,0,1
2700,53001,64800,0,1
2701,53001,64824,0,1
2702,53001,64848,0,1
2703,53001,64872,0,1
2704,53001,64896,0,1
2705,53001,64920,0,1
2706,53001,64944,0,1
2707,53001,64968,0,1
2708,53001,64992,0,1
2709,53001,65016,0,1
2710,53001,65040,0,1
2711,53001,65064,0,1
2712,53001,65088,0,1
2713,53001,65112,0,1
2714,53001,65136,0,1
2715,53001,65160,0,1
2716,53001,65184,0,1
2717,53001,65208,0,1
2718,53001,65232,0,1
2719,53001,65256,0,1
2720,53001,65280,0,1
2721,53001,65304,0,1
2722,53001,65328,0,1
2723,53001,65352,0,1
2724,53001,65376,0,1
2725,53001,65400,0,1
2726,53001,65424,0,1
2727,53001,65448,0,1
2728,53001,65472,0,1
2729,53001,65496,0,1
2730,53001,65520,0,1
2731,53001,65544,0,1
2732,53001,65568,0,1
2733,53001,65592,0,1
2734,53001,65616,0,1
2735,53001,65640,0,1
2736,53001,65664,0,1
2737,53001,65688,0,1
2738,53001,65712,0,1
2739,53001,65736,0,1
2740,53001,65760,0,1
2741,53001,65784,0,1
2742,53001,65808,0,1
2743,53001,65832,0,1
2744,53001,65856,0,1
2745,53001,65880,0,1
2746,53001,65904,0,1
2747,53001,65928,0,1
2748,53001,65952,0,1
2749,53001,65976,0,1
2750,53001,66000,0,1
2751,53001,66024,0,1
2752,53001,66048,0,1
2753,53001,66072,0,1
2754,53001,66096,0,1
2755,53001,66120,0,1
2756,53001,66144,0,1
2757,53001,66168,0,1
2758,53001,66192,0,1
2759,53001,66216,0,1
2760,53001,66240,0,1
2761,53001,66264,0,1
2762,53001,66288,0,1
2763,53001,66312,0,1
2764,53001,66336,0,1
2765,53001,66360,0,1
2766,53001,66384,0,1
2767,53001,66408,0,1
2768,53001,66432,0,1
2769,53001,66456,0,1
2770,53001,66480,0,1
2771,53001,66504,0,1
2772,53001,66528,0,1
2773,53001,66552,0,1
2774,53001,66576,0,1
2775,53001,66600,0,1
2776,53001,66624,0,1
2777,53001,66648,0,1
2778,53001,66672,0,1
2779,53001,66696,0,1
2780,53001,66720,0,1
2781,53001,66744,0,1
2782,53001,66768,0,1
2783,53001,66792,0,1
2784,53001,66816,0,1
2785,53001,66840,0,1
2786,53001,66864,0,1
2787,53001,66888,0,1
2788,53001,66912,0,1
2789,53001,66936,0,1
2790,53001,66960,0,1
2791,53001,66984,0,1
2792,53001,67008,0,1
2793,53001,67032,0,1
2794,53001,67056,0,1
2795,53001,67080,0,1
2796,53001,67104,0,1
2797,53001,67128,0,1
2798,53001,67152,0,1
2799,53001,67176,0,1
2800,53001,67200,0,1
2801,53001,67224,0,1
2802,53001,67248,0,1
2803,53001,67272,0,1
2804,53001,67296,0,1
2805,53001,67320,0,1
2806,53001,67344,0,1
2807,53001,67368,0,1
2808,53001,67392,0,1
2809,53001,67416,0,1
2810,53001,67440,0,1
2811,53001,67464,0,1
2812,53001,67488,0,1
2813,53001,67512,0,1
2814,53001,67536,0,1
2815,53001,67560,0,1
2816,53001,67584,0,1
2817,53001,67608,0,1
2818,53001,67632,0,1
2819,53001,67656,0,1
2820,53001,67680,0,1
2821,53001,67704,0,1
2822,53001,67728,0,1
2823,53001,67752,0,1
2824,53001,67776,0,1
2825,53001,67800,0,1
2826,53001,67824,0,1
2827,53001,67848,0,1
2828,53001,67872,0,1
2829,53001,67896,0,1
2830,53001,67920,0,1
2831,53001,67944,0,1
2832,53001,67968,0,1
2833,53001,67992,0,1
2834,53001,68016,0,1
2835,53001,68040,0,1
2836,53001,68064,0,1
2837,53001,68088,0,1
2838,53001,68112,0,1
2839,53001,68136,0,1
2840,53001,68160,0,1
2841,53001,68184,0,1
2842,53001,68208,0,1
2843,53001,68232,0,1
2844,53001,68256,0,1
2845,53001,68280,0,1
2846,53001,68304,0,1
2847,53001,68328,0,1
2848,53001,68352,0,1
2849,53001,68376,0,1
2850,53001,68400,0,1
2851,53001,68424,0,1
2852,53001,68448,0,1
2853,53001,68472,0,1
2854,53001,68496,0,1
2855,53001,68520,0,1
2856,53001,68544,0,1
2857,53001,68568,0,1
2858,53001,68592,0,1
2859,53001,68616,0,1
2860,53001,68640,0,1
2861,53001,68664,0,1
2862,53001,68688,0,1
2863,53001,68712,0,1
2864,53001,68736,0,1
2865,53001,68760,0,1
2866,53001,68784,0,1
2867,53001,68808,0,1
2868,53001,68832,0,1
2869,53001,68856,0,1
2870,53001,68880,0,1
2871,53001,68904,0,1
2872,53001,68928,0,1
2873,53001,68952,0,1
2874,53001,68976,0,1
2875,53001,69000,0,1
2876,53001,69024,0,1
2877,53001,69048,0,1
2878,53001,69072,0,1
2879,53001,69096,0,1
2880,53001,69120,0,1
2881,53001,69144,0,1
2882,53001,69168,0,1
2883,53001,69192,1,0
2884,53001,69216,0,1
2885,53001,69240,0,1
2886,53001,69264,0,1
2887,53001,69288,0,1
2888,53001,69312,0,1
2889,53001,69336,0,1
2890,53001,69360,0,1
2891,53001,69384,0,1
2892,53001,69408,0,1
2893,53001,69432,0,1
2894,53001,69456,0,1
2895,53001,69480,0,1
2896,53001,69504,0,1
2897,53001,69528,1,0
2898,53001,69552,1,0
2899,53001,69576,0,1
2900,53001,69600,1,0
2901,53001,69624,1,0
2902,53001,69648,0,1
2903,53001,69672,0,1
2904,53001,69696,1,0
2905,53001,69720,1,0
2906,53001,69744,0,1
2907,53001,69768,0,1
2908,53001,69792,0,1
2909,53001,69816,0,1
2910,53001,69840,0,1
2911,53001,69864,0,1
2912,53001,69888,0,1
2913,53001,69912,0,1
2914,53001,69936,0,1
2915,53001,69960,0,1
2916,53001,69984,0,1
2917,53001,70008,0,1
2918,53001,70032,0,1
2919,53001,70056,0,1
2920,53001,70080,0,1
2921,53001,70104,0,1
2922,53001,70128,0,1
2923,53001,70152,0,1
2924,53001,70176,0,1
2925,53001,70200,0,1
2926,53001,70224,0,1
2927,53001,70248,0,1
2928,53001,70272,1,0
2929,53001,70296,0,1
2930,53001,70320,0,1
2931,53001,70344,1,0
2932,53001,70368,0,1
2933,53001,70392,0,1
2934,53001,70416,0,1
2935,53001,70440,0,1
2936,53001,70464,0,1
2937,53001,70488,0,1
2938,53001,70512,1,0
2939,53001,70536,0,1
2940,53001,70560,0,1
2941,53001,70584,0,1
2942,53001,70608,0,1
2943,53001,70632,0,1
2944,53001,70656,0,1
2945,53001,70680,0,1
2946,53001,70704,0,1
2947,53001,70728,0,1
2948,53001,70752,0,1
2949,53001,70776,0,1
2950,53001,70800,0,1
2951,53001,70824,0,1
2952,53001,70848,0,1
2953,53001,70872,0,1
2954,53001,70896,0,1
2955,53001,70920,0,1
2956,53001,70944,0,1
2957,53001,70968,0,1
2958,53001,70992,0,1
2959,53001,71016,0,1
2960,53001,71040,0,1
2961,53001,71064,0,1
2962,53001,71088,0,1
2963,53001,71112,0,1
2964,53001,71136,0,1
2965,53001,71160,0,1
2966,53001,71184,0,1
2967,53001,71208,0,1
2968,53001,71232,0,1
2969,53001,71256,0,1
2970,53001,71280,0,1
2971,53001,71304,0,1
2972,53001,71328,0,1
2973,53001,71352,0,1
2974,53001,71376,0,1
2975,53001,71400,0,1
2976,53001,71424,0,1
2977,53001,71448,0,1
2978,53001,71472,0,1
2979,53001,71496,0,1
2980,53001,71520,0,1
2981,53001,71544,0,1
2982,53001,71568,0,1
2983,53001,71592,0,1
2984,53001,71616,0,1
2985,53001,71640,0,1
2986,53001,71664,0,1
2987,53001,71688,0,1
2988,53001,71712,0,1
2989,53001,71736,0,1
2990,53001,71760,0,1
2991,53001,71784,0,1
2992,53001,71808,0,1
2993,53001,71832,0,1
2994,53001,71856,0,1
2995,53001,71880,0,1
2996,53001,71904,0,1
2997,53001,71928,0,1
2998,53001,71952,0,1
2999,53001,71976,0,1
3000,53001,72000,0,1
3001,53001,72024,0,1
3002,53001,72048,0,1
3003,53001,72072,0,1
3004,53001,72096,0,1
3005,53001,72120,0,1
3006,53001,72144,0,1
3007,53001,72168,0,1
3008,53001,72192,0,1
3009,53001,72216,0,1
3010,53001,72240,0,1
3011,53001,72264,0,1
3012,53001,72288,0,1
3013,53001,72312,0,1
3014,53001,72336,0,1
3015,53001,72360,0,1
3016,53001,72384,0,1
3017,53001,72408,0,1
3018,53001,72432,0,1
3019,53001,72456,0,1
3020,53001,72480,0,1
3021,53001,72504,0,1
3022,53001,72528,0,1
3023,53001,72552,0,1
3024,53001,72576,0,1
3025,53001,72600,0,1
3026,53001,72624,0,1
3027,53001,72648,0,1
3028,53001,72672,0,1
3029,53001,72696,0,1
3030,53001,72720,0,1
3031,53001,72744,0,1
3032,53001,72768,0,1
3033,53001,72792,0,1
3034,53001,72816,0,1
3035,53001,72840,0,1
3036,53001,72864,0,1
3037,53001,72888,0,1
3038,53001,72912,0,1
3039,53001,72936,0,1
3040,53001,72960,0,1
3041,53001,72984,0,1
3042,53001,73008,0,1
3043,53001,73032,0,1
3044,53001,73056,0,1
3045,53001,73080,0,1
3046,53001,73104,0,1
3047,53001,73128,0,1
3048,53001,73152,0,1
3049,53001,73176,0,1
3050,53001,73200,1,0
3051,53001,73224,0,1
3052,53001,73248,0,1
3053,53001,73272,0,1
3054,53001,73296,1,0
3055,53001,73320,0,1
3056,53001,73344,0,1
3057,53001,73368,0,1
3058,53001,73392,0,1
3059,53001,73416,0,1
3060,53001,73440,1,0
3061,53001,73464,0,1
3062,53001,73488,0,1
3063,53001,73512,1,0
3064,53001,73536,0,1
3065,53001,73560,1,0
3066,53001,73584,1,0
3067,53001,73608,0,1
3068,53001,73632,0,1
3069,53001,73656,0,1
3070,53001,73680,0,1
3071,53001,73704,0,1
3072,53001,73728,0,1
3073,53001,73752,0,1
3074,53001,73776,0,1
3075,53001,73800,0,1
3076,53001,73824,0,1
3077,53001,73848,0,1
3078,53001,73872,0,1
3079,53001,73896,0,1
3080,53001,73920,0,1
3081,53001,73944,0,1
3082,53001,73968,0,1
3083,53001,73992,0,1
3084,53001,74016,0,1
3085,53001,74040,0,1
3086,53001,74064,0,1
3087,53001,74088,1,0
3088,53001,74112,0,1
3089,53001,74136,0,1
3090,53001,74160,0,1
3091,53001,74184,0,1
3092,53001,74208,0,1
3093,53001,74232,0,1
3094,53001,74256,0,1
3095,53001,74280,0,1
3096,53001,74304,0,1
3097,53001,74328,0,1
3098,53001,74352,0,1
3099,53001,74376,0,1
3100,53001,74400,0,1
3101,53001,74424,0,1
3102,53001,74448,0,1
3103,53001,74472,0,1
3104,53001,74496,0,1
3105,53001,74520,0,1
3106,53001,74544,0,1
3107,53001,74568,0,1
3108,53001,74592,0,1
3109,53001,74616,0,1
3110,53001,74640,0,1
3111,53001,74664,0,1
3112,53001,74688,0,1
3113,53001,74712,0,1
3114,53001,74736,0,1
3115,53001,74760,0,1
3116,53001,74784,0,1
3117,53001,74808,0,1
3118,53001,74832,0,1
3119,53001,74856,0,1
3120,53001,74880,1,0
3121,53001,74904,0,1
3122,53001,74928,0,1
3123,53001,74952,0,1
3124,53001,74976,0,1
3125,53001,75000,0,1
3126,53001,75024,0,1
3127,53001,75048,0,1
3128,53001,75072,0,1
3129,53001,75096,0,1
3130,53001,75120,0,1
3131,53001,75144,0,1
3132,53001,75168,0,1
3133,53001,75192,0,1
3134,53001,75216,0,1
3135,53001,75240,0,1
3136,53001,75264,0,1
3137,53001,75288,1,0
3138,53001,75312,0,1
3139,53001,75336,0,1
3140,53001,75360,0,1
3141,53001,75384,0,1
3142,53001,75408,0,1
3143,53001,75432,0,1
3144,53001,75456,0,1
3145,53001,75480,1,0
3146,53001,75504,0,1
3147,53001,75528,0,1
3148,53001,75552,0,1
3149,53001,75576,0,1
3150,53001,75600,0,1
3151,53001,75624,0,1
3152,53001,75648,0,1
3153,53001,75672,0,1
3154,53001,75696,0,1
3155,53001,75720,0,1
3156,53001,75744,0,1
3157,53001,75768,0,1
3158,53001,75792,0,1
3159,53001,75816,0,1
3160,53001,75840,0,1
3161,53001,75864,0,1
3162,53001,75888,0,1
3163,53001,75912,0,1
3164,53001,75936,1,0
3165,53001,75960,0,1
3166,53001,75984,0,1
3167,53001,76008,0,1
3168,53001,76032,0,1
3169,53001,76056,0,1
3170,53001,76080,0,1
3171,53001,76104,0,1
3172,53001,76128,0,1
3173,53001,76152,0,1
3174,53001,76176,0,1
3175,53001,76200,0,1
3176,53001,76224,0,1
3177,53001,76248,0,1
3178,53001,76272,0,1
3179,53001,76296,0,1
3180,53001,76320,0,1
3181,53001,76344,0,1
3182,53001,76368,0,1
3183,53001,76392,0,1
3184,53001,76416,0,1
3185,53001,76440,0,1
3186,53001,76464,0,1
3187,53001,76488,0,1
3188,53001,76512,0,1
3189,53001,76536,0,1
3190,53001,76560,0,1
3191,53001,76584,0,1
3192,53001,76608,0,1
3193,53001,76632,0,1
3194,53001,76656,0,1
3195,53001,76680,0,1
3196,53001,76704,0,1
3197,53001,76728,0,1
3198,53001,76752,0,1
3199,53001,76776,0,1
3200,53001,76800,0,1
3201,53001,76824,0,1
3202,53001,76848,0,1
3203,53001,76872,0,1
3204,53001,76896,0,1
3205,53001,76920,0,1
3206,53001,76944,0,1
3207,53001,76968,0,1
3208,53001,76992,0,1
3209,53001,77016,0,1
3210,53001,77040,0,1
3211,53001,77064,0,1
3212,53001,77088,0,1
3213,53001,77112,0,1
3214,53001,77136,0,1
3215,53001,77160,0,1
3216,53001,77184,0,1
3217,53001,77208,0,1
3218,53001,77232,0,1
3219,53001,77256,0,1
3220,53001,77280,0,1
3221,53001,77304,0,1
3222,53001,77328,0,1
3223,53001,77352,0,1
3224,53001,77376,0,1
3225,53001,77400,0,1
3226,53001,77424,0,1
3227,53001,77448,0,1
3228,53001,77472,0,1
3229,53001,77496,0,1
3230,53001,77520,0,1
3231,53001,77544,1,0
3232,53001,77568,0,1
3233,53001,77592,0,1
3234,53001,77616,0,1
3235,53001,77640,0,1
3236,53001,77664,0,1
3237,53001,77688,0,1
3238,53001,77712,0,1
3239,53001,77736,1,0
3240,53001,77760,0,1
3241,53001,77784,0,1
3242,53001,77808,0,1
3243,53001,77832,0,1
3244,53001,77856,0,1
3245,53001,77880,0,1
3246,53001,77904,0,1
3247,53001,77928,0,1
3248,53001,77952,0,1
3249,53001,77976,0,1
3250,53001,78000,0,1
3251,53001,78024,0,1
3252,53001,78048,0,1
3253,53001,78072,0,1
3254,53001,78096,0,1
3255,53001,78120,0,1
3256,53001,78144,0,1
3257,53001,78168,0,1
3258,53001,78192,0,1
3259,53001,78216,0,1
3260,53001,78240,0,1
3261,53001,78264,0,1
3262,53001,78288,0,1
3263,53001,78312,0,1
3264,53001,78336,0,1
3265,53001,78360,0,1
3266,53001,78384,0,1
3267,53001,78408,0,1
3268,53001,78432,0,1
3269,53001,78456,0,1
3270,53001,78480,0,1
3271,53001,78504,0,1
3272,53001,78528,0,1
3273,53001,78552,0,1
3274,53001,78576,0,1
3275,53001,78600,0,1
3276,53001,78624,0,1
3277,53001,78648,0,1
3278,53001,78672,0,1
3279,53001,78696,0,1
3280,53001,78720,0,1
3281,53001,78744,0,1
3282,53001,78768,0,1
3283,53001,78792,0,1
3284,53001,78816,0,1
3285,53001,78840,0,1
3286,53001,78864,0,1
3287,53001,78888,0,1
3288,53001,78912,0,1
3289,53001,78936,0,1
3290,53001,78960,0,1
3291,53001,78984,0,1
3292,53001,79008,0,1
3293,53001,79032,0,1
3294,53001,79056,0,1
3295,53001,79080,0,1
3296,53001,79104,0,1
3297,53001,79128,0,1
3298,53001,79152,0,1
3299,53001,79176,0,1
3300,53001,79200,0,1
3301,53001,79224,0,1
3302,53001,79248,0,1
3303,53001,79272,0,1
3304,53001,79296,0,1
3305,53001,79320,0,1
3306,53001,79344,0,1
3307,53001,79368,0,1
3308,53001,79392,0,1
3309,53001,79416,0,1
3310,53001,79440,0,1
3311,53001,79464,0,1
3312,53001,79488,0,1
3313,53001,79512,0,1
3314,53001,79536,0,1
3315,53001,79560,0,1
3316,53001,79584,0,1
3317,53001,79608,0,1
3318,53001,79632,0,1
3319,53001,79656,0,1
3320,53001,79680,0,1
3321,53001,79704,0,1
3322,53001,79728,0,1
3323,53001,79752,0,1
3324,53001,79776,0,1
3325,53001,79800,0,1
3326,53001,79824,0,1
3327,53001,79848,0,1
3328,53001,79872,0,1
3329,53001,79896,0,1
3330,53001,79920,0,1
3331,53001,79944,0,1
3332,53001,79968,0,1
3333,53001,79992,0,1
3334,53001,80016,0,1
3335,53001,80040,0,1
3336,53001,80064,0,1
3337,53001,80088,0,1
3338,53001,80112,0,1
3339,53001,80136,0,1
3340,53001,80160,0,1
3341,53001,80184,0,1
3342,53001,80208,0,1
3343,53001,80232,0,1
3344,53001,80256,0,1
3345,53001,80280,0,1
3346,53001,80304,0,1
3347,53001,80328,0,1
3348,53001,80352,0,1
3349,53001,80376,0,1
3350,53001,80400,0,1
3351,53001,80424,0,1
3352,53001,80448,0,1
3353,53001,80472,0,1
3354,53001,80496,0,1
3355,53001,80520,0,1
3356,53001,80544,0,1
3357,53001,80568,0,1
3358,53001,80592,0,1
3359,53001,80616,0,1
3360,53001,80640,0,1
3361,53001,80664,0,1
3362,53001,80688,0,1
3363,53001,80712,0,1
3364,53001,80736,0,1
3365,53001,80760,0,1
3366,53001,80784,0,1
3367,53001,80808,0,1
3368,53001,80832,0,1
3369,53001,80856,0,1
3370,53001,80880,0,1
3371,53001,80904,0,1
3372,53001,80928,0,1
3373,53001,80952,0,1
3374,53001,80976,0,1
3375,53001,81000,0,1
3376,53001,81024,0,1
3377,53001,81048,0,1
3378,53001,81072,0,1
3379,53001,81096,0,1
3380,53001,81120,0,1
3381,53001,81144,0,1
3382,53001,81168,0,1
3383,53001,81192,0,1
3384,53001,81216,0,1
3385,53001,81240,0,1
3386,53001,81264,0,1
3387,53001,81288,0,1
3388,53001,81312,0,1
3389,53001,81336,0,1
3390,53001,81360,0,1
3391,53001,81384,0,1
3392,53001,81408,0,1
3393,53001,81432,0,1
3394,53001,81456,0,1
3395,53001,81480,0,1
3396,53001,81504,0,1
3397,53001,81528,0,1
3398,53001,81552,0,1
3399,53001,81576,0,1
3400,53001,81600,0,1
3401,53001,81624,0,1
3402,53001,81648,0,1
3403,53001,81672,0,1
3404,53001,81696,0,1
3405,53001,81720,0,1
3406,53001,81744,0,1
3407,53001,81768,0,1
3408,53001,81792,0,1
3409,53001,81816,0,1
3410,53001,81840,0,1
3411,53001,81864,0,1
3412,53001,81888,0,1
3413,53001,81912,0,1
3414,53001,81936,0,1
3415,53001,81960,0,1
3416,53001,81984,0,1
3417,53001,82008,0,1
3418,53001,82032,0,1
3419,53001,82056,0,1
3420,53001,82080,0,1
3421,53001,82104,0,1
3422,53001,82128,0,1
3423,53001,82152,0,1
3424,53001,82176,0,1
3425,53001,82200,0,1
3426,53001,82224,0,1
3427,53001,82248,0,1
3428,53001,82272,0,1
3429,53001,82296,0,1
3430,53001,82320,0,1
3431,53001,82344,0,1
3432,53001,82368,0,1
3433,53001,82392,0,1
3434,53001,82416,0,1
3435,53001,82440,0,1
3436,53001,82464,0,1
3437,53001,82488,0,1
3438,53001,82512,0,1
3439,53001,82536,0,1
3440,53001,82560,0,1
3441,53001,82584,0,1
3442,53001,82608,0,1
3443,53001,82632,0,1
3444,53001,82656,0,1
3445,53001,82680,0,1
3446,53001,82704,0,1
3447,53001,82728,0,1
3448,53001,82752,0,1
3449,53001,82776,0,1
3450,53001,82800,0,1
3451,53001,82824,0,1
3452,53001,82848,0,1
3453,53001,82872,0,1
3454,53001,82896,0,1
3455,53001,82920,0,1
3456,53001,82944,0,1
3457,53001,82968,0,1
3458,53001,82992,0,1
3459,53001,83016,0,1
3460,53001,83040,0,1
3461,53001,83064,0,1
3462,53001,83088,0,1
3463,53001,83112,0,1
3464,53001,83136,0,1
3465,53001,83160,0,1
3466,53001,83184,0,1
3467,53001,83208,0,1
3468,53001,83232,0,1
3469,53001,83256,0,1
3470,53001,83280,0,1
3471,53001,83304,0,1
3472,53001,83328,0,1
3473,53001,83352,0,1
3474,53001,83376,0,1
3475,53001,83400,0,1
3476,53001,83424,0,1
3477,53001,83448,0,1
3478,53001,83472,0,1
3479,53001,83496,0,1
3480,53001,83520,0,1
3481,53001,83544,0,1
3482,53001,83568,0,1
3483,53001,83592,0,1
3484,53001,83616,0,1
3485,53001,83640,0,1
3486,53001,83664,0,1
3487,53001,83688,0,1
3488,53001,83712,0,1
3489,53001,83736,0,1
3490,53001,83760,0,1
3491,53001,83784,0,1
3492,53001,83808,0,1
3493,53001,83832,0,1
3494,53001,83856,0,1
3495,53001,83880,0,1
3496,53001,83904,0,1
3497,53001,83928,0,1
3498,53001,83952,0,1
3499,53001,83976,0,1
3500,53001,84000,0,1
3501,53001,84024,0,1
3502,53001,84048,0,1
3503,53001,84072,0,1
3504,53001,84096,0,1
3505,53001,84120,0,1
3506,53001,84144,0,1
3507,53001,84168,0,1
3508,53001,84192,0,1
3509,53001,84216,0,1
3510,53001,84240,1,0
3511,53001,84264,0,1
3512,53001,84288,0,1
3513,53001,84312,0,1
3514,53001,84336,0,1
3515,53001,84360,0,1
3516,53001,84384,0,1
3517,53001,84408,0,1
3518,53001,84432,0,1
3519,53001,84456,0,1
3520,53001,84480,0,1
3521,53001,84504,0,1
3522,53001,84528,0,1
3523,53001,84552,0,1
3524,53001,84576,0,1
3525,53001,84600,0,1
3526,53001,84624,0,1
3527,53001,84648,0,1
3528,53001,84672,0,1
3529,53001,84696,0,1
3530,53001,84720,0,1
3531,53001,84744,0,1
3532,53001,84768,0,1
3533,53001,84792,0,1
3534,53001,84816,0,1
3535,53001,84840,0,1
3536,53001,84864,0,1
3537,53001,84888,0,1
3538,53001,84912,0,1
3539,53001,84936,0,1
3540,53001,84960,0,1
3541,53001,84984,1,0
3542,53001,85008,0,1
3543,53001,85032,0,1
3544,53001,85056,0,1
3545,53001,85080,0,1
3546,53001,85104,0,1
3547,53001,85128,0,1
3548,53001,85152,0,1
3549,53001,85176,0,1
3550,53001,85200,0,1
3551,53001,85224,0,1
3552,53001,85248,0,1
3553,53001,85272,0,1
3554,53001,85296,0,1
3555,53001,85320,0,1
3556,53001,85344,0,1
3557,53001,85368,0,1
3558,53001,85392,0,1
3559,53001,85416,0,1
3560,53001,85440,0,1
3561,53001,85464,0,1
3562,53001,85488,0,1
3563,53001,85512,0,1
3564,53001,85536,0,1
3565,53001,85560,0,1
3566,53001,85584,0,1
3567,53001,85608,0,1
3568,53001,85632,0,1
3569,53001,85656,0,1
3570,53001,85680,0,1
3571,53001,85704,0,1
3572,53001,85728,0,1
3573,53001,85752,0,1
3574,53001,85776,0,1
3575,53001,85800,0,1
3576,53001,85824,0,1
3577,53001,85848,0,1
3578,53001,85872,0,1
3579,53001,85896,0,1
3580,53001,85920,0,1
3581,53001,85944,0,1
3582,53001,85968,1,0
3583,53001,85992,1,0
3584,53001,86016,1,0
3585,53001,86040,1,0
3586,53001,86064,1,0
3587,53001,86088,1,0
3588,53001,86112,0,1
3589,53001,86136,0,1
3590,53001,86160,0,1
3591,53001,86184,0,1
3592,53001,86208,0,1
3593,53001,86232,0,1
3594,53001,86256,0,1
3595,53001,86280,0,1
3596,53001,86304,0,1
3597,53001,86328,0,1
3598,53001,86352,0,1
3599,53001,86376,0,1
3600,53001,86400,0,1
3601,53001,86424,0,1
3602,53001,86448,0,1
3603,53001,86472,0,1
3604,53001,86496,0,1
3605,53001,86520,0,1
3606,53001,86544,0,1
3607,53001,86568,0,1
3608,53001,86592,0,1
3609,53001,86616,0,1
3610,53001,86640,0,1
3611,53001,86664,0,1
3612,53001,86688,0,1
3613,53001,86712,0,1
3614,53001,86736,0,1
3615,53001,86760,0,1
3616,53001,86784,0,1
3617,53001,86808,0,1
3618,53001,86832,0,1
3619,53001,86856,0,1
3620,53001,86880,0,1
3621,53001,86904,0,1
3622,53001,86928,0,1
3623,53001,86952,0,1
3624,53001,86976,0,1
3625,53001,87000,0,1
3626,53001,87024,0,1
3627,53001,87048,0,1
3628,53001,87072,0,1
3629,53001,87096,0,1
3630,53001,87120,0,1
3631,53001,87144,0,1
3632,53001,87168,0,1
3633,53001,87192,0,1
3634,53001,87216,0,1
3635,53001,87240,0,1
3636,53001,87264,0,1
3637,53001,87288,0,1
3638,53001,87312,0,1
3639,53001,87336,0,1
3640,53001,87360,0,1
3641,53001,87384,0,1
3642,53001,87408,0,1
3643,53001,87432,0,1
3644,53001,87456,0,1
3645,53001,87480,0,1
3646,53001,87504,0,1
3647,53001,87528,0,1
3648,53001,87552,0,1
3649,53001,87576,0,1
3650,53001,87600,0,1
3651,53001,87624,0,1
3652,53001,87648,0,1
3653,53001,87672,0,1
3654,53001,87696,0,1
3655,53001,87720,0,1
3656,53001,87744,0,1
3657,53001,87768,0,1
3658,53001,87792,0,1
3659,53001,87816,0,1
3660,53001,87840,0,1
3661,53001,87864,0,1
3662,53001,87888,0,1
3663,53001,87912,0,1
3664,53001,87936,0,1
3665,53001,87960,0,1
3666,53001,87984,0,1
3667,53001,88008,0,1
3668,53001,88032,0,1
3669,53001,88056,0,1
3670,53001,88080,0,1
3671,53001,88104,0,1
3672,53001,88128,0,1
3673,53001,88152,0,1
3674,53001,88176,0,1
3675,53001,88200,0,1
3676,53001,88224,0,1
3677,53001,88248,0,1
3678,53001,88272,0,1
3679,53001,88296,0,1
3680,53001,88320,0,1
3681,53001,88344,0,1
3682,53001,88368,0,1
3683,53001,88392,0,1
3684,53001,88416,0,1
3685,53001,88440,0,1
3686,53001,88464,0,1
3687,53001,88488,0,1
3688,53001,88512,0,1
3689,53001,88536,0,1
3690,53001,88560,0,1
3691,53001,88584,0,1
3692,53001,88608,0,1
3693,53001,88632,0,1
3694,53001,88656,0,1
3695,53001,88680,0,1
3696,53001,88704,0,1
3697,53001,88728,0,1
3698,53001,88752,0,1
3699,53001,88776,0,1
3700,53001,88800,0,1
3701,53001,88824,0,1
3702,53001,88848,0,1
3703,53001,88872,0,1
3704,53001,88896,0,1
3705,53001,88920,0,1
3706,53001,88944,0,1
3707,53001,88968,0,1
3708,53001,88992,0,1
3709,53001,89016,0,1
3710,53001,89040,0,1
3711,53001,89064,0,1
3712,53001,89088,0,1
3713,53001,89112,0,1
3714,53001,89136,0,1
3715,53001,89160,0,1
3716,53001,89184,0,1
3717,53001,89208,0,1
3718,53001,89232,0,1
3719,53001,89256,0,1
3720,53001,89280,0,1
3721,53001,89304,0,1
3722,53001,89328,0,1
3723,53001,89352,0,1
3724,53001,89376,0,1
3725,53001,89400,0,1
3726,53001,89424,0,1
3727,53001,89448,0,1
3728,53001,89472,0,1
3729,53001,89496,0,1
3730,53001,89520,0,1
3731,53001,89544,0,1
3732,53001,89568,0,1
3733,53001,89592,0,1
3734,53001,89616,0,1
3735,53001,89640,0,1
3736,53001,89664,0,1
3737,53001,89688,0,1
3738,53001,89712,0,1
3739,53001,89736,0,1
3740,53001,89760,0,1
3741,53001,89784,1,0
3742,53001,89808,0,1
3743,53001,89832,0,1
3744,53001,89856,0,1
3745,53001,89880,0,1
3746,53001,89904,0,1
3747,53001,89928,0,1
3748,53001,89952,0,1
3749,53001,89976,0,1
3750,53001,90000,0,1
3751,53001,90024,0,1
3752,53001,90048,0,1
3753,53001,90072,0,1
3754,53001,90096,0,1
3755,53001,90120,0,1
3756,53001,90144,0,1
3757,53001,90168,0,1
3758,53001,90192,0,1
3759,53001,90216,0,1
3760,53001,90240,0,1
3761,53001,90264,0,1
3762,53001,90288,0,1
3763,53001,90312,0,1
3764,53001,90336,0,1
3765,53001,90360,0,1
3766,53001,90384,0,1
3767,53001,90408,0,1
3768,53001,90432,0,1
3769,53001,90456,0,1
3770,53001,90480,0,1
3771,53001,90504,0,1
3772,53001,90528,0,1
3773,53001,90552,0,1
3774,53001,90576,0,1
3775,53001,90600,0,1
3776,53001,90624,0,1
3777,53001,90648,0,1
3778,53001,90672,0,1
3779,53001,90696,0,1
3780,53001,90720,0,1
3781,53001,90744,0,1
3782,53001,90768,0,1
3783,53001,90792,0,1
3784,53001,90816,0,1
3785,53001,90840,0,1
3786,53001,90864,0,1
3787,53001,90888,0,1
3788,53001,90912,0,1
3789,53001,90936,0,1
3790,53001,90960,0,1
3791,53001,90984,0,1
3792,53001,91008,0,1
3793,53001,91032,0,1
3794,53001,91056,0,1
3795,53001,91080,0,1
3796,53001,91104,0,1
3797,53001,91128,0,1
3798,53001,91152,0,1
3799,53001,91176,0,1
3800,53001,91200,0,1
3801,53001,91224,0,1
3802,53001,91248,0,1
3803,53001,91272,0,1
3804,53001,91296,0,1
3805,53001,91320,0,1
3806,53001,91344,0,1
3807,53001,91368,0,1
3808,53001,91392,0,1
3809,53001,91416,0,1
3810,53001,91440,0,1
3811,53001,91464,0,1
3812,53001,91488,0,1
3813,53001,91512,0,1
3814,53001,91536,0,1
3815,53001,91560,0,1
3816,53001,91584,0,1
3817,53001,91608,0,1
3818,53001,91632,0,1
3819,53001,91656,0,1
3820,53001,91680,0,1
3821,53001,91704,0,1
3822,53001,91728,0,1
3823,53001,91752,0,1
3824,53001,91776,0,1
3825,53001,91800,0,1
3826,53001,91824,0,1
3827,53001,91848,0,1
3828,53001,91872,0,1
3829,53001,91896,0,1
3830,53001,91920,0,1
3831,53001,91944,0,1
3832,53001,91968,0,1
3833,53001,91992,0,1
3834,53001,92016,0,1
3835,53001,92040,0,1
3836,53001,92064,0,1
3837,53001,92088,0,1
3838,53001,92112,1,0
3839,53001,92136,0,1
3840,53001,92160,1,0
3841,53001,92184,1,0
3842,53001,92208,1,0
3843,53001,92232,0,1
3844,53001,92256,0,1
3845,53001,92280,0,1
3846,53001,92304,0,1
3847,53001,92328,0,1
3848,53001,92352,0,1
3849,53001,92376,0,1
3850,53001,92400,0,1
3851,53001,92424,0,1
3852,53001,92448,0,1
3853,53001,92472,0,1
3854,53001,92496,0,1
3855,53001,92520,0,1
3856,53001,92544,0,1
3857,53001,92568,0,1
3858,53001,92592,0,1
3859,53001,92616,0,1
3860,53001,92640,0,1
3861,53001,92664,0,1
3862,53001,92688,0,1
3863,53001,92712,0,1
3864,53001,92736,0,1
3865,53001,92760,0,1
3866,53001,92784,0,1
3867,53001,92808,0,1
3868,53001,92832,0,1
3869,53001,92856,0,1
3870,53001,92880,0,1
3871,53001,92904,0,1
3872,53001,92928,0,1
3873,53001,92952,0,1
3874,53001,92976,0,1
3875,53001,93000,0,1
3876,53001,93024,0,1
3877,53001,93048,0,1
3878,53001,93072,0,1
3879,53001,93096,0,1
3880,53001,93120,0,1
3881,53001,93144,0,1
3882,53001,93168,0,1
3883,53001,93192,0,1
3884,53001,93216,0,1
3885,53001,93240,0,1
3886,53001,93264,0,1
3887,53001,93288,1,0
3888,53001,93312,1,0
3889,53001,93336,1,0
3890,53001,93360,1,0
3891,53001,93384,1,0
3892,53001,93408,0,1
3893,53001,93432,1,0
3894,53001,93456,1,0
3895,53001,93480,0,1
3896,53001,93504,0,1
3897,53001,93528,0,1
3898,53001,93552,0,1
3899,53001,93576,0,1
3900,53001,93600,1,0
3901,53001,93624,0,1
3902,53001,93648,0,1
3903,53001,93672,0,1
3904,53001,93696,0,1
3905,53001,93720,0,1
3906,53001,93744,0,1
3907,53001,93768,0,1
3908,53001,93792,0,1
3909,53001,93816,1,0
3910,53001,93840,1,0
3911,53001,93864,1,0
3912,53001,93888,1,0
3913,53001,93912,0,1
3914,53001,93936,0,1
3915,53001,93960,1,0
3916,53001,93984,0,1
3917,53001,94008,0,1
3918,53001,94032,0,1
3919,53001,94056,0,1
3920,53001,94080,0,1
3921,53001,94104,0,1
3922,53001,94128,0,1
3923,53001,94152,1,0
3924,53001,94176,0,1
3925,53001,94200,0,1
3926,53001,94224,0,1
3927,53001,94248,0,1
3928,53001,94272,1,0
3929,53001,94296,0,1
3930,53001,94320,1,0
3931,53001,94344,0,1
3932,53001,94368,0,1
3933,53001,94392,0,1
3934,53001,94416,0,1
3935,53001,94440,0,1
3936,53001,94464,0,1
3937,53001,94488,0,1
3938,53001,94512,0,1
3939,53001,94536,0,1
3940,53001,94560,0,1
3941,53001,94584,0,1
3942,53001,94608,0,1
3943,53001,94632,0,1
3944,53001,94656,0,1
3945,53001,94680,1,0
3946,53001,94704,1,0
3947,53001,94728,1,0
3948,53001,94752,0,1
3949,53001,94776,0,1
3950,53001,94800,0,1
3951,53001,94824,0,1
3952,53001,94848,0,1
3953,53001,94872,0,1
3954,53001,94896,0,1
3955,53001,94920,0,1
3956,53001,94944,0,1
3957,53001,94968,0,1
3958,53001,94992,0,1
3959,53001,95016,0,1
3960,53001,95040,0,1
3961,53001,95064,0,1
3962,53001,95088,1,0
3963,53001,95112,0,1
3964,53001,95136,0,1
3965,53001,95160,0,1
3966,53001,95184,1,0
3967,53001,95208,1,0
3968,53001,95232,0,1
3969,53001,95256,0,1
3970,53001,95280,0,1
3971,53001,95304,0,1
3972,53001,95328,0,1
3973,53001,95352,0,1
3974,53001,95376,0,1
3975,53001,95400,0,1
3976,53001,95424,0,1
3977,53001,95448,0,1
3978,53001,95472,1,0
3979,53001,95496,0,1
3980,53001,95520,0,1
3981,53001,95544,0,1
3982,53001,95568,0,1
3983,53001,95592,1,0
3984,53001,95616,0,1
3985,53001,95640,0,1
3986,53001,95664,0,1
3987,53001,95688,0,1
3988,53001,95712,0,1
3989,53001,95736,0,1
3990,53001,95760,0,1
3991,53001,95784,0,1
3992,53001,95808,0,1
3993,53001,95832,0,1
3994,53001,95856,0,1
3995,53001,95880,0,1
3996,53001,95904,0,1
3997,53001,95928,0,1
3998,53001,95952,0,1
3999,53001,95976,0,1
4000,53001,96000,0,1
4001,53001,96024,0,1
4002,53001,96048,0,1
4003,53001,96072,0,1
4004,53001,96096,0,1
4005,53001,96120,0,1
4006,53001,96144,0,1
4007,53001,96168,0,1
4008,53001,96192,0,1
4009,53001,96216,0,1
4010,53001,96240,0,1
4011,53001,96264,0,1
4012,53001,96288,0,1
4013,53001,96312,0,1
4014,53001,96336,0,1
4015,53001,96360,0,1
4016,53001,96384,0,1
4017,53001,96408,0,1
4018,53001,96432,0,1
4019,53001,96456,0,1
4020,53001,96480,0,1
4021,53001,96504,0,1
4022,53001,96528,0,1
4023,53001,96552,0,1
4024,53001,96576,0,1
4025,53001,96600,0,1
4026,53001,96624,0,1
4027,53001,96648,0,1
4028,53001,96672,0,1
4029,53001,96696,0,1
4030,53001,96720,0,1
4031,53001,96744,0,1
4032,53001,96768,0,1
4033,53001,96792,0,1
4034,53001,96816,0,1
4035,53001,96840,0,1
4036,53001,96864,0,1
4037,53001,96888,0,1
4038,53001,96912,0,1
4039,53001,96936,0,1
4040,53001,96960,0,1
4041,53001,96984,0,1
4042,53001,97008,0,1
4043,53001,97032,0,1
4044,53001,97056,0,1
4045,53001,97080,0,1
4046,53001,97104,0,1
4047,53001,97128,0,1
4048,53001,97152,1,0
4049,53001,97176,0,1
4050,53001,97200,0,1
4051,53001,97224,0,1
4052,53001,97248,1,0
4053,53001,97272,1,0
4054,53001,97296,0,1
4055,53001,97320,0,1
4056,53001,97344,0,1
4057,53001,97368,0,1
4058,53001,97392,0,1
4059,53001,97416,0,1
4060,53001,97440,0,1
4061,53001,97464,0,1
4062,53001,97488,0,1
4063,53001,97512,0,1
4064,53001,97536,0,1
4065,53001,97560,0,1
4066,53001,97584,0,1
4067,53001,97608,0,1
4068,53001,97632,0,1
4069,53001,97656,0,1
4070,53001,97680,0,1
4071,53001,97704,0,1
4072,53001,97728,0,1
4073,53001,97752,0,1
4074,53001,97776,0,1
4075,53001,97800,0,1
4076,53001,97824,0,1
4077,53001,97848,0,1
4078,53001,97872,0,1
4079,53001,97896,0,1
4080,53001,97920,0,1
4081,53001,97944,0,1
4082,53001,97968,0,1
4083,53001,97992,0,1
4084,53001,98016,0,1
4085,53001,98040,0,1
4086,53001,98064,0,1
4087,53001,98088,0,1
4088,53001,98112,0,1
4089,53001,98136,0,1
4090,53001,98160,0,1
4091,53001,98184,0,1
4092,53001,98208,0,1
4093,53001,98232,0,1
4094,53001,98256,0,1
4095,53001,98280,0,1
4096,53001,98304,0,1
4097,53001,98328,0,1
4098,53001,98352,0,1
4099,53001,98376,0,1
4100,53001,98400,0,1
4101,53001,98424,0,1
4102,53001,98448,0,1
4103,53001,98472,0,1
4104,53001,98496,0,1
4105,53001,98520,0,1
4106,53001,98544,0,1
4107,53001,98568,0,1
4108,53001,98592,0,1
4109,53001,98616,0,1
4110,53001,98640,0,1
4111,53001,98664,0,1
4112,53001,98688,0,1
4113,53001,98712,0,1
4114,53001,98736,0,1
4115,53001,98760,0,1
4116,53001,98784,0,1
4117,53001,98808,0,1
4118,53001,98832,0,1
4119,53001,98856,0,1
4120,53001,98880,0,1
4121,53001,98904,0,1
4122,53001,98928,0,1
4123,53001,98952,0,1
4124,53001,98976,0,1
4125,53001,99000,0,1
4126,53001,99024,0,1
4127,53001,99048,0,1
4128,53001,99072,0,1
4129,53001,99096,0,1
4130,53001,99120,0,1
4131,53001,99144,0,1
4132,53001,99168,0,1
4133,53001,99192,0,1
4134,53001,99216,0,1
4135,53001,99240,0,1
4136,53001,99264,0,1
4137,53001,99288,0,1
4138,53001,99312,0,1
4139,53001,99336,0,1
4140,53001,99360,0,1
4141,53001,99384,0,1
4142,53001,99408,0,1
4143,53001,99432,0,1
4144,53001,99456,0,1
4145,53001,99480,0,1
4146,53001,99504,0,1
4147,53001,99528,0,1
4148,53001,99552,0,1
4149,53001,99576,0,1
4150,53001,99600,0,1
4151,53001,99624,0,1
4152,53001,99648,0,1
4153,53001,99672,0,1
4154,53001,99696,0,1
4155,53001,99720,0,1
4156,53001,99744,1,0
4157,53001,99768,0,1
4158,53001,99792,0,1
4159,53001,99816,0,1
4160,53001,99840,0,1
4161,53001,99864,0,1
4162,53001,99888,0,1
4163,53001,99912,0,1
4164,53001,99936,0,1
4165,53001,99960,0,1
4166,53001,99984,0,1
4167,53001,100008,0,1
4168,53001,100032,0,1
4169,53001,100056,0,1
4170,53001,100080,0,1
4171,53001,100104,0,1
4172,53001,100128,0,1
4173,53001,100152,0,1
4174,53001,100176,0,1
4175,53001,100200,0,1
4176,53001,100224,0,1
4177,53001,100248,0,1
4178,53001,100272,0,1
4179,53001,100296,0,1
4180,53001,100320,0,1
4181,53001,100344,0,1
4182,53001,100368,0,1
4183,53001,100392,0,1
4184,53001,100416,0,1
4185,53001,100440,0,1
4186,53001,100464,0,1
4187,53001,100488,0,1
4188,53001,100512,0,1
4189,53001,100536,0,1
4190,53001,100560,0,1
4191,53001,100584,0,1
4192,53001,100608,0,1
4193,53001,100632,0,1
4194,53001,100656,0,1
4195,53001,100680,0,1
4196,53001,100704,0,1
4197,53001,100728,0,1
4198,53001,100752,0,1
4199,53001,100776,0,1
4200,53001,100800,0,1
4201,53001,100824,0,1
4202,53001,100848,0,1
4203,53001,100872,0,1
4204,53001,100896,0,1
4205,53001,100920,0,1
4206,53001,100944,0,1
4207,53001,100968,0,1
4208,53001,100992,0,1
4209,53001,101016,0,1
4210,53001,101040,1,0
4211,53001,101064,1,0
4212,53001,101088,0,1
4213,53001,101112,0,1
4214,53001,101136,0,1
4215,53001,101160,0,1
4216,53001,101184,0,1
4217,53001,101208,0,1
4218,53001,101232,0,1
4219,53001,101256,0,1
4220,53001,101280,0,1
4221,53001,101304,0,1
4222,53001,101328,0,1
4223,53001,101352,0,1
4224,53001,101376,0,1
4225,53001,101400,0,1
4226,53001,101424,0,1
4227,53001,101448,0,1
4228,53001,101472,0,1
4229,53001,101496,0,1
4230,53001,101520,0,1
4231,53001,101544,0,1
4232,53001,101568,0,1
4233,53001,101592,0,1
4234,53001,101616,0,1
4235,53001,101640,0,1
4236,53001,101664,0,1
4237,53001,101688,0,1
4238,53001,101712,0,1
4239,53001,101736,0,1
4240,53001,101760,0,1
4241,53001,101784,0,1
4242,53001,101808,0,1
4243,53001,101832,0,1
4244,53001,101856,0,1
4245,53001,101880,1,0
4246,53001,101904,1,0
4247,53001,101928,1,0
4248,53001,101952,0,1
4249,53001,101976,0,1
4250,53001,102000,0,1
4251,53001,102024,0,1
4252,53001,102048,0,1
4253,53001,102072,0,1
4254,53001,102096,1,0
4255,53001,102120,0,1
4256,53001,102144,0,1
4257,53001,102168,0,1
4258,53001,102192,0,1
4259,53001,102216,0,1
4260,53001,102240,0,1
4261,53001,102264,0,1
4262,53001,102288,0,1
4263,53001,102312,0,1
4264,53001,102336,0,1
4265,53001,102360,0,1
4266,53001,102384,0,1
4267,53001,102408,0,1
4268,53001,102432,0,1
4269,53001,102456,1,0
4270,53001,102480,0,1
4271,53001,102504,1,0
4272,53001,102528,0,1
4273,53001,102552,0,1
4274,53001,102576,0,1
4275,53001,102600,0,1
4276,53001,102624,1,0
4277,53001,102648,1,0
4278,53001,102672,1,0
4279,53001,102696,0,1
4280,53001,102720,0,1
4281,53001,102744,0,1
4282,53001,102768,0,1
4283,53001,102792,0,1
4284,53001,102816,0,1
4285,53001,102840,0,1
4286,53001,102864,0,1
4287,53001,102888,0,1
4288,53001,102912,0,1
4289,53001,102936,0,1
4290,53001,102960,1,0
4291,53001,102984,0,1
4292,53001,103008,0,1
4293,53001,103032,0,1
4294,53001,103056,0,1
4295,53001,103080,1,0
4296,53001,103104,0,1
4297,53001,103128,0,1
4298,53001,103152,0,1
4299,53001,103176,0,1
4300,53001,103200,0,1
4301,53001,103224,0,1
4302,53001,103248,0,1
4303,53001,103272,0,1
4304,53001,103296,0,1
4305,53001,103320,0,1
4306,53001,103344,0,1
4307,53001,103368,0,1
4308,53001,103392,0,1
4309,53001,103416,0,1
4310,53001,103440,0,1
4311,53001,103464,0,1
4312,53001,103488,0,1
4313,53001,103512,0,1
4314,53001,103536,1,0
4315,53001,103560,0,1
4316,53001,103584,0,1
4317,53001,103608,0,1
4318,53001,103632,0,1
4319,53001,103656,0,1
4320,53001,103680,0,1
4321,53001,103704,0,1
4322,53001,103728,0,1
4323,53001,103752,0,1
4324,53001,103776,0,1
4325,53001,103800,0,1
4326,53001,103824,0,1
4327,53001,103848,0,1
4328,53001,103872,0,1
4329,53001,103896,0,1
4330,53001,103920,0,1
4331,53001,103944,0,1
4332,53001,103968,0,1
4333,53001,103992,0,1
4334,53001,104016,0,1
4335,53001,104040,0,1
4336,53001,104064,0,1
4337,53001,104088,0,1
4338,53001,104112,0,1
4339,53001,104136,0,1
4340,53001,104160,0,1
4341,53001,104184,0,1
4342,53001,104208,0,1
4343,53001,104232,0,1
4344,53001,104256,0,1
4345,53001,104280,0,1
4346,53001,104304,0,1
4347,53001,104328,0,1
4348,53001,104352,0,1
4349,53001,104376,0,1
4350,53001,104400,0,1
4351,53001,104424,0,1
4352,53001,104448,0,1
4353,53001,104472,0,1
4354,53001,104496,0,1
4355,53001,104520,0,1
4356,53001,104544,0,1
4357,53001,104568,0,1
4358,53001,104592,0,1
4359,53001,104616,0,1
4360,53001,104640,0,1
4361,53001,104664,0,1
4362,53001,104688,0,1
4363,53001,104712,0,1
4364,53001,104736,0,1
4365,53001,104760,1,0
4366,53001,104784,0,1
4367,53001,104808,0,1
4368,53001,104832,0,1
4369,53001,104856,0,1
4370,53001,104880,0,1
4371,53001,104904,0,1
4372,53001,104928,0,1
4373,53001,104952,0,1
4374,53001,104976,0,1
4375,53001,105000,0,1
4376,53001,105024,0,1
4377,53001,105048,0,1
4378,53001,105072,0,1
4379,53001,105096,0,1
4380,53001,105120,0,1
4381,53001,105144,0,1
4382,53001,105168,0,1
4383,53001,105192,0,1
4384,53001,105216,0,1
4385,53001,105240,0,1
4386,53001,105264,0,1
4387,53001,105288,0,1
4388,53001,105312,0,1
4389,53001,105336,0,1
4390,53001,105360,0,1
4391,53001,105384,0,1
4392,53001,105408,0,1
4393,53001,105432,0,1
4394,53001,105456,0,1
4395,53001,105480,0,1
4396,53001,105504,0,1
4397,53001,105528,0,1
4398,53001,105552,0,1
4399,53001,105576,0,1
4400,53001,105600,0,1
4401,53001,105624,0,1
4402,53001,105648,0,1
4403,53001,105672,0,1
4404,53001,105696,0,1
4405,53001,105720,0,1
4406,53001,105744,0,1
4407,53001,105768,0,1
4408,53001,105792,0,1
4409,53001,105816,0,1
4410,53001,105840,0,1
4411,53001,105864,0,1
4412,53001,105888,0,1
4413,53001,105912,0,1
4414,53001,105936,0,1
4415,53001,105960,0,1
4416,53001,105984,0,1
4417,53001,106008,0,1
4418,53001,106032,0,1
4419,53001,106056,0,1
4420,53001,106080,0,1
4421,53001,106104,0,1
4422,53001,106128,0,1
4423,53001,106152,0,1
4424,53001,106176,0,1
4425,53001,106200,0,1
4426,53001,106224,0,1
4427,53001,106248,0,1
4428,53001,106272,0,1
4429,53001,106296,0,1
4430,53001,106320,0,1
4431,53001,106344,0,1
4432,53001,106368,0,1
4433,53001,106392,0,1
4434,53001,106416,0,1
4435,53001,106440,0,1
4436,53001,106464,0,1
4437,53001,106488,0,1
4438,53001,106512,0,1
4439,53001,106536,0,1
4440,53001,106560,0,1
4441,53001,106584,0,1
4442,53001,106608,0,1
4443,53001,106632,0,1
4444,53001,106656,0,1
4445,53001,106680,0,1
4446,53001,106704,0,1
4447,53001,106728,0,1
4448,53001,106752,0,1
4449,53001,106776,1,0
4450,53001,106800,0,1
4451,53001,106824,0,1
4452,53001,106848,0,1
4453,53001,106872,0,1
4454,53001,106896,0,1
4455,53001,106920,0,1
4456,53001,106944,0,1
4457,53001,106968,0,1
4458,53001,106992,0,1
4459,53001,107016,0,1
4460,53001,107040,0,1
4461,53001,107064,0,1
4462,53001,107088,0,1
4463,53001,107112,0,1
4464,53001,107136,0,1
4465,53001,107160,0,1
4466,53001,107184,0,1
4467,53001,107208,0,1
4468,53001,107232,0,1
4469,53001,107256,0,1
4470,53001,107280,0,1
4471,53001,107304,0,1
4472,53001,107328,0,1
4473,53001,107352,0,1
4474,53001,107376,0,1
4475,53001,107400,0,1
4476,53001,107424,0,1
4477,53001,107448,0,1
4478,53001,107472,0,1
4479,53001,107496,0,1
4480,53001,107520,0,1
4481,53001,107544,0,1
4482,53001,107568,0,1
4483,53001,107592,0,1
4484,53001,107616,0,1
4485,53001,107640,0,1
4486,53001,107664,0,1
4487,53001,107688,0,1
4488,53001,107712,0,1
4489,53001,107736,0,1
4490,53001,107760,0,1
4491,53001,107784,1,0
4492,53001,107808,0,1
4493,53001,107832,0,1
4494,53001,107856,0,1
4495,53001,107880,0,1
4496,53001,107904,0,1
4497,53001,107928,0,1
4498,53001,107952,0,1
4499,53001,107976,0,1
4500,53001,108000,0,1
4501,53001,108024,0,1
4502,53001,108048,0,1
4503,53001,108072,0,1
4504,53001,108096,0,1
4505,53001,108120,0,1
4506,53001,108144,0,1
4507,53001,108168,0,1
4508,53001,108192,0,1
4509,53001,108216,0,1
4510,53001,108240,1,0
4511,53001,108264,0,1
4512,53001,108288,0,1
4513,53001,108312,0,1
4514,53001,108336,0,1
4515,53001,108360,0,1
4516,53001,108384,0,1
4517,53001,108408,0,1
4518,53001,108432,0,1
4519,53001,108456,0,1
4520,53001,108480,0,1
4521,53001,108504,0,1
4522,53001,108528,0,1
4523,53001,108552,1,0
4524,53001,108576,1,0
4525,53001,108600,0,1
4526,53001,108624,0,1
4527,53001,108648,0,1
4528,53001,108672,0,1
4529,53001,108696,0,1
4530,53001,108720,0,1
4531,53001,108744,0,1
4532,53001,108768,0,1
4533,53001,108792,0,1
4534,53001,108816,0,1
4535,53001,108840,0,1
4536,53001,108864,0,1
4537,53001,108888,0,1
4538,53001,108912,0,1
4539,53001,108936,0,1
4540,53001,108960,0,1
4541,53001,108984,0,1
4542,53001,109008,0,1
4543,53001,109032,0,1
4544,53001,109056,0,1
4545,53001,109080,0,1
4546,53001,109104,0,1
4547,53001,109128,0,1
4548,53001,109152,0,1
4549,53001,109176,0,1
4550,53001,109200,0,1
4551,53001,109224,0,1
4552,53001,109248,0,1
4553,53001,109272,0,1
4554,53001,109296,1,0
4555,53001,109320,0,1
4556,53001,109344,0,1
4557,53001,109368,0,1
4558,53001,109392,0,1
4559,53001,109416,0,1
4560,53001,109440,1,0
4561,53001,109464,1,0
4562,53001,109488,1,0
4563,53001,109512,0,1
4564,53001,109536,0,1
4565,53001,109560,0,1
4566,53001,109584,0,1
4567,53001,109608,0,1
4568,53001,109632,0,1
4569,53001,109656,0,1
4570,53001,109680,0,1
4571,53001,109704,0,1
4572,53001,109728,0,1
4573,53001,109752,0,1
4574,53001,109776,0,1
4575,53001,109800,0,1
4576,53001,109824,0,1
4577,53001,109848,0,1
4578,53001,109872,0,1
4579,53001,109896,0,1
4580,53001,109920,0,1
4581,53001,109944,0,1
4582,53001,109968,0,1
4583,53001,109992,0,1
4584,53001,110016,0,1
4585,53001,110040,0,1
4586,53001,110064,0,1
4587,53001,110088,0,1
4588,53001,110112,0,1
4589,53001,110136,0,1
4590,53001,110160,0,1
4591,53001,110184,0,1
4592,53001,110208,0,1
4593,53001,110232,1,0
4594,53001,110256,0,1
4595,53001,110280,0,1
4596,53001,110304,0,1
4597,53001,110328,0,1
4598,53001,110352,0,1
4599,53001,110376,0,1
4600,53001,110400,0,1
4601,53001,110424,0,1
4602,53001,110448,0,1
4603,53001,110472,0,1
4604,53001,110496,0,1
4605,53001,110520,0,1
4606,53001,110544,0,1
4607,53001,110568,0,1
4608,53001,110592,0,1
4609,53001,110616,0,1
4610,53001,110640,0,1
4611,53001,110664,0,1
4612,53001,110688,0,1
4613,53001,110712,0,1
4614,53001,110736,0,1
4615,53001,110760,0,1
4616,53001,110784,0,1
4617,53001,110808,0,1
4618,53001,110832,0,1
4619,53001,110856,0,1
4620,53001,110880,0,1
4621,53001,110904,0,1
4622,53001,110928,0,1
4623,53001,110952,0,1
4624,53001,110976,0,1
4625,53001,111000,0,1
4626,53001,111024,0,1
4627,53001,111048,0,1
4628,53001,111072,0,1
4629,53001,111096,0,1
4630,53001,111120,0,1
4631,53001,111144,0,1
4632,53001,111168,0,1
4633,53001,111192,0,1
4634,53001,111216,0,1
4635,53001,111240,0,1
4636,53001,111264,0,1
4637,53001,111288,0,1
4638,53001,111312,0,1
4639,53001,111336,0,1
4640,53001,111360,0,1
4641,53001,111384,0,1
4642,53001,111408,0,1
4643,53001,111432,0,1
4644,53001,111456,0,1
4645,53001,111480,0,1
4646,53001,111504,0,1
4647,53001,111528,0,1
4648,53001,111552,0,1
4649,53001,111576,0,1
4650,53001,111600,0,1
4651,53001,111624,0,1
4652,53001,111648,0,1
4653,53001,111672,0,1
4654,53001,111696,0,1
4655,53001,111720,0,1
4656,53001,111744,1,0
4657,53001,111768,0,1
4658,53001,111792,1,0
4659,53001,111816,1,0
4660,53001,111840,0,1
4661,53001,111864,0,1
4662,53001,111888,0,1
4663,53001,111912,1,0
4664,53001,111936,0,1
4665,53001,111960,0,1
4666,53001,111984,1,0
4667,53001,112008,1,0
4668,53001,112032,0,1
4669,53001,112056,0,1
4670,53001,112080,0,1
4671,53001,112104,0,1
4672,53001,112128,0,1
4673,53001,112152,0,1
4674,53001,112176,0,1
4675,53001,112200,0,1
4676,53001,112224,0,1
4677,53001,112248,0,1
4678,53001,112272,0,1
4679,53001,112296,0,1
4680,53001,112320,0,1
4681,53001,112344,0,1
4682,53001,112368,0,1
4683,53001,112392,0,1
4684,53001,112416,0,1
4685,53001,112440,0,1
4686,53001,112464,0,1
4687,53001,112488,0,1
4688,53001,112512,0,1
4689,53001,112536,0,1
4690,53001,112560,0,1
4691,53001,112584,0,1
4692,53001,112608,0,1
4693,53001,112632,0,1
4694,53001,112656,0,1
4695,53001,112680,0,1
4696,53001,112704,0,1
4697,53001,112728,0,1
4698,53001,112752,0,1
4699,53001,112776,0,1
4700,53001,112800,0,1
4701,53001,112824,0,1
4702,53001,112848,0,1
4703,53001,112872,0,1
4704,53001,112896,0,1
4705,53001,112920,0,1
4706,53001,112944,0,1
4707,53001,112968,0,1
4708,53001,112992,0,1
4709,53001,113016,0,1
4710,53001,113040,1,0
4711,53001,113064,0,1
4712,53001,113088,0,1
4713,53001,113112,0,1
4714,53001,113136,0,1
4715,53001,113160,0,1
4716,53001,113184,0,1
4717,53001,113208,1,0
4718,53001,113232,0,1
4719,53001,113256,0,1
4720,53001,113280,0,1
4721,53001,113304,0,1
4722,53001,113328,0,1
4723,53001,113352,0,1
4724,53001,113376,0,1
4725,53001,113400,0,1
4726,53001,113424,0,1
4727,53001,113448,0,1
4728,53001,113472,0,1
4729,53001,113496,0,1
4730,53001,113520,0,1
4731,53001,113544,0,1
4732,53001,113568,0,1
4733,53001,113592,0,1
4734,53001,113616,0,1
4735,53001,113640,0,1
4736,53001,113664,0,1
4737,53001,113688,0,1
4738,53001,113712,0,1
4739,53001,113736,0,1
4740,53001,113760,0,1
4741,53001,113784,0,1
4742,53001,113808,0,1
4743,53001,113832,0,1
4744,53001,113856,0,1
4745,53001,113880,0,1
4746,53001,113904,0,1
4747,53001,113928,0,1
4748,53001,113952,0,1
4749,53001,113976,0,1
4750,53001,114000,0,1
4751,53001,114024,0,1
4752,53001,114048,0,1
4753,53001,114072,0,1
4754,53001,114096,0,1
4755,53001,114120,0,1
4756,53001,114144,0,1
4757,53001,114168,1,0
4758,53001,114192,0,1
4759,53001,114216,0,1
4760,53001,114240,0,1
4761,53001,114264,0,1
4762,53001,114288,0,1
4763,53001,114312,0,1
4764,53001,114336,0,1
4765,53001,114360,0,1
4766,53001,114384,0,1
4767,53001,114408,0,1
4768,53001,114432,0,1
4769,53001,114456,0,1
4770,53001,114480,1,0
4771,53001,114504,0,1
4772,53001,114528,0,1
4773,53001,114552,0,1
4774,53001,114576,0,1
4775,53001,114600,0,1
4776,53001,114624,0,1
4777,53001,114648,0,1
4778,53001,114672,0,1
4779,53001,114696,0,1
4780,53001,114720,0,1
4781,53001,114744,0,1
4782,53001,114768,0,1
4783,53001,114792,0,1
4784,53001,114816,0,1
4785,53001,114840,0,1
4786,53001,114864,1,0
4787,53001,114888,0,1
4788,53001,114912,0,1
4789,53001,114936,0,1
4790,53001,114960,0,1
4791,53001,114984,0,1
4792,53001,115008,0,1
4793,53001,115032,0,1
4794,53001,115056,0,1
4795,53001,115080,0,1
4796,53001,115104,0,1
4797,53001,115128,0,1
4798,53001,115152,0,1
4799,53001,115176,0,1
4800,53001,115200,0,1
4801,53001,115224,0,1
4802,53001,115248,0,1
4803,53001,115272,0,1
4804,53001,115296,0,1
4805,53001,115320,0,1
4806,53001,115344,0,1
4807,53001,115368,0,1
4808,53001,115392,0,1
4809,53001,115416,0,1
4810,53001,115440,0,1
4811,53001,115464,0,1
4812,53001,115488,0,1
4813,53001,115512,0,1
4814,53001,115536,0,1
4815,53001,115560,0,1
4816,53001,115584,0,1
4817,53001,115608,0,1
4818,53001,115632,0,1
4819,53001,115656,0,1
4820,53001,115680,0,1
4821,53001,115704,0,1
4822,53001,115728,0,1
4823,53001,115752,0,1
4824,53001,115776,0,1
4825,53001,115800,0,1
4826,53001,115824,0,1
4827,53001,115848,0,1
4828,53001,115872,0,1
4829,53001,115896,0,1
4830,53001,115920,0,1
4831,53001,115944,0,1
4832,53001,115968,0,1
4833,53001,115992,0,1
4834,53001,116016,1,0
4835,53001,116040,0,1
4836,53001,116064,0,1
4837,53001,116088,0,1
4838,53001,116112,0,1
4839,53001,116136,0,1
4840,53001,116160,0,1
4841,53001,116184,0,1
4842,53001,116208,1,0
4843,53001,116232,1,0
4844,53001,116256,0,1
4845,53001,116280,0,1
4846,53001,116304,0,1
4847,53001,116328,0,1
4848,53001,116352,0,1
4849,53001,116376,0,1
4850,53001,116400,0,1
4851,53001,116424,0,1
4852,53001,116448,0,1
4853,53001,116472,0,1
4854,53001,116496,0,1
4855,53001,116520,0,1
4856,53001,116544,0,1
4857,53001,116568,0,1
4858,53001,116592,0,1
4859,53001,116616,0,1
4860,53001,116640,0,1
4861,53001,116664,0,1
4862,53001,116688,0,1
4863,53001,116712,0,1
4864,53001,116736,0,1
4865,53001,116760,0,1
4866,53001,116784,0,1
4867,53001,116808,0,1
4868,53001,116832,0,1
4869,53001,116856,0,1
4870,53001,116880,0,1
4871,53001,116904,0,1
4872,53001,116928,0,1
4873,53001,116952,0,1
4874,53001,116976,0,1
4875,53001,117000,0,1
4876,53001,117024,0,1
4877,53001,117048,0,1
4878,53001,117072,0,1
4879,53001,117096,0,1
4880,53001,117120,0,1
4881,53001,117144,0,1
4882,53001,117168,0,1
4883,53001,117192,0,1
4884,53001,117216,0,1
4885,53001,117240,0,1
4886,53001,117264,0,1
4887,53001,117288,0,1
4888,53001,117312,0,1
4889,53001,117336,0,1
4890,53001,117360,0,1
4891,53001,117384,0,1
4892,53001,117408,0,1
4893,53001,117432,0,1
4894,53001,117456,0,1
4895,53001,117480,0,1
4896,53001,117504,0,1
4897,53001,117528,0,1
4898,53001,117552,0,1
4899,53001,117576,0,1
4900,53001,117600,0,1
4901,53001,117624,0,1
4902,53001,117648,0,1
4903,53001,117672,0,1
4904,53001,117696,0,1
4905,53001,117720,0,1
4906,53001,117744,0,1
4907,53001,117768,0,1
4908,53001,117792,0,1
4909,53001,117816,0,1
4910,53001,117840,0,1
4911,53001,117864,0,1
4912,53001,117888,0,1
4913,53001,117912,0,1
4914,53001,117936,0,1
4915,53001,117960,0,1
4916,53001,117984,0,1
4917,53001,118008,0,1
4918,53001,118032,0,1
4919,53001,118056,0,1
4920,53001,118080,0,1
4921,53001,118104,0,1
4922,53001,118128,0,1
4923,53001,118152,0,1
4924,53001,118176,0,1
4925,53001,118200,0,1
4926,53001,118224,0,1
4927,53001,118248,0,1
4928,53001,118272,0,1
4929,53001,118296,0,1
4930,53001,118320,0,1
4931,53001,118344,0,1
4932,53001,118368,0,1
4933,53001,118392,0,1
4934,53001,118416,0,1
4935,53001,118440,0,1
4936,53001,118464,0,1
4937,53001,118488,0,1
4938,53001,118512,0,1
4939,53001,118536,0,1
4940,53001,118560,0,1
4941,53001,118584,0,1
4942,53001,118608,0,1
4943,53001,118632,0,1
4944,53001,118656,0,1
4945,53001,118680,0,1
4946,53001,118704,0,1
4947,53001,118728,0,1
4948,53001,118752,0,1
4949,53001,118776,0,1
4950,53001,118800,0,1
4951,53001,118824,0,1
4952,53001,118848,0,1
4953,53001,118872,0,1
4954,53001,118896,0,1
4955,53001,118920,0,1
4956,53001,118944,0,1
4957,53001,118968,0,1
4958,53001,118992,0,1
4959,53001,119016,0,1
4960,53001,119040,0,1
4961,53001,119064,0,1
4962,53001,119088,0,1
4963,53001,119112,0,1
4964,53001,119136,0,1
4965,53001,119160,0,1
4966,53001,119184,0,1
4967,53001,119208,0,1
4968,53001,119232,0,1
4969,53001,119256,0,1
4970,53001,119280,0,1
4971,53001,119304,0,1
4972,53001,119328,0,1
4973,53001,119352,0,1
4974,53001,119376,0,1
4975,53001,119400,0,1
4976,53001,119424,0,1
4977,53001,119448,0,1
4978,53001,119472,0,1
4979,53001,119496,0,1
4980,53001,119520,0,1
4981,53001,119544,0,1
4982,53001,119568,0,1
4983,53001,119592,0,1
4984,53001,119616,0,1
4985,53001,119640,0,1
4986,53001,119664,0,1
4987,53001,119688,0,1
4988,53001,119712,0,1
4989,53001,119736,0,1
4990,53001,119760,0,1
4991,53001,119784,0,1
4992,53001,119808,0,1
4993,53001,119832,0,1
4994,53001,119856,0,1
4995,53001,119880,0,1
4996,53001,119904,0,1
4997,53001,119928,0,1
4998,53001,119952,0,1
4999,53001,119976,0,1
5000,53001,120000,0,1
5001,53001,120024,0,1
5002,53001,120048,0,1
5003,53001,120072,0,1
5004,53001,120096,0,1
5005,53001,120120,0,1
5006,53001,120144,0,1
5007,53001,120168,0,1
5008,53001,120192,0,1
5009,53001,120216,0,1
5010,53001,120240,0,1
5011,53001,120264,0,1
5012,53001,120288,0,1
5013,53001,120312,0,1
5014,53001,120336,0,1
5015,53001,120360,0,1
5016,53001,120384,0,1
5017,53001,120408,0,1
5018,53001,120432,0,1
5019,53001,120456,0,1
5020,53001,120480,0,1
5021,53001,120504,0,1
5022,53001,120528,0,1
5023,53001,120552,0,1
5024,53001,120576,0,1
5025,53001,120600,0,1
5026,53001,120624,0,1
5027,53001,120648,0,1
5028,53001,120672,0,1
5029,53001,120696,0,1
5030,53001,120720,0,1
5031,53001,120744,0,1
5032,53001,120768,0,1
5033,53001,120792,1,0
5034,53001,120816,0,1
5035,53001,120840,0,1
5036,53001,120864,0,1
5037,53001,120888,0,1
5038,53001,120912,0,1
5039,53001,120936,0,1
5040,53001,120960,0,1
5041,53001,120984,0,1
5042,53001,121008,0,1
5043,53001,121032,0,1
5044,53001,121056,0,1
5045,53001,121080,0,1
5046,53001,121104,0,1
5047,53001,121128,0,1
5048,53001,121152,0,1
5049,53001,121176,1,0
5050,53001,121200,1,0
5051,53001,121224,0,1
5052,53001,121248,0,1
5053,53001,121272,0,1
5054,53001,121296,0,1
5055,53001,121320,0,1
5056,53001,121344,0,1
5057,53001,121368,0,1
5058,53001,121392,0,1
5059,53001,121416,0,1
5060,53001,121440,0,1
5061,53001,121464,0,1
5062,53001,121488,0,1
5063,53001,121512,0,1
5064,53001,121536,0,1
5065,53001,121560,0,1
5066,53001,121584,0,1
5067,53001,121608,0,1
5068,53001,121632,0,1
5069,53001,121656,0,1
5070,53001,121680,0,1
5071,53001,121704,0,1
5072,53001,121728,0,1
5073,53001,121752,0,1
5074,53001,121776,0,1
5075,53001,121800,0,1
5076,53001,121824,0,1
5077,53001,121848,0,1
5078,53001,121872,0,1
5079,53001,121896,0,1
5080,53001,121920,0,1
5081,53001,121944,0,1
5082,53001,121968,0,1
5083,53001,121992,0,1
5084,53001,122016,0,1
5085,53001,122040,0,1
5086,53001,122064,0,1
5087,53001,122088,0,1
5088,53001,122112,0,1
5089,53001,122136,0,1
5090,53001,122160,0,1
5091,53001,122184,0,1
5092,53001,122208,0,1
5093,53001,122232,0,1
5094,53001,122256,0,1
5095,53001,122280,0,1
5096,53001,122304,0,1
5097,53001,122328,0,1
5098,53001,122352,0,1
5099,53001,122376,0,1
5100,53001,122400,0,1
5101,53001,122424,0,1
5102,53001,122448,0,1
5103,53001,122472,0,1
5104,53001,122496,0,1
5105,53001,122520,0,1
5106,53001,122544,0,1
5107,53001,122568,0,1
5108,53001,122592,0,1
5109,53001,122616,0,1
5110,53001,122640,0,1
5111,53001,122664,0,1
5112,53001,122688,0,1
5113,53001,122712,0,1
5114,53001,122736,0,1
5115,53001,122760,0,1
5116,53001,122784,0,1
5117,53001,122808,0,1
5118,53001,122832,0,1
5119,53001,122856,0,1
5120,53001,122880,0,1
5121,53001,122904,0,1
5122,53001,122928,1,0
5123,53001,122952,0,1
5124,53001,122976,0,1
5125,53001,123000,0,1
5126,53001,123024,0,1
5127,53001,123048,0,1
5128,53001,123072,0,1
5129,53001,123096,0,1
5130,53001,123120,0,1
5131,53001,123144,0,1
5132,53001,123168,0,1
5133,53001,123192,0,1
5134,53001,123216,0,1
5135,53001,123240,0,1
5136,53001,123264,0,1
5137,53001,123288,0,1
5138,53001,123312,0,1
5139,53001,123336,0,1
5140,53001,123360,0,1
5141,53001,123384,0,1
5142,53001,123408,0,1
5143,53001,123432,0,1
5144,53001,123456,0,1
5145,53001,123480,0,1
5146,53001,123504,0,1
5147,53001,123528,0,1
5148,53001,123552,0,1
5149,53001,123576,0,1
5150,53001,123600,0,1
5151,53001,123624,0,1
5152,53001,123648,0,1
5153,53001,123672,0,1
5154,53001,123696,1,0
5155,53001,123720,0,1
5156,53001,123744,0,1
5157,53001,123768,0,1
5158,53001,123792,0,1
5159,53001,123816,0,1
5160,53001,123840,0,1
5161,53001,123864,0,1
5162,53001,123888,0,1
5163,53001,123912,0,1
5164,53001,123936,0,1
5165,53001,123960,0,1
5166,53001,123984,0,1
5167,53001,124008,0,1
5168,53001,124032,0,1
5169,53001,124056,0,1
5170,53001,124080,0,1
5171,53001,124104,0,1
5172,53001,124128,0,1
5173,53001,124152,0,1
5174,53001,124176,1,0
5175,53001,124200,0,1
5176,53001,124224,0,1
5177,53001,124248,0,1
5178,53001,124272,0,1
5179,53001,124296,0,1
5180,53001,124320,0,1
5181,53001,124344,0,1
5182,53001,124368,0,1
5183,53001,124392,0,1
5184,53001,124416,0,1
5185,53001,124440,0,1
5186,53001,124464,0,1
5187,53001,124488,0,1
5188,53001,124512,0,1
5189,53001,124536,0,1
5190,53001,124560,0,1
5191,53001,124584,0,1
5192,53001,124608,0,1
5193,53001,124632,1,0
5194,53001,124656,1,0
5195,53001,124680,0,1
5196,53001,124704,0,1
5197,53001,124728,0,1
5198,53001,124752,0,1
5199,53001,124776,0,1
5200,53001,124800,0,1
5201,53001,124824,0,1
5202,53001,124848,0,1
5203,53001,124872,0,1
5204,53001,124896,0,1
5205,53001,124920,0,1
5206,53001,124944,0,1
5207,53001,124968,0,1
5208,53001,124992,0,1
5209,53001,125016,0,1
5210,53001,125040,0,1
5211,53001,125064,0,1
5212,53001,125088,0,1
5213,53001,125112,0,1
5214,53001,125136,0,1
5215,53001,125160,0,1
5216,53001,125184,0,1
5217,53001,125208,0,1
5218,53001,125232,0,1
5219,53001,125256,0,1
5220,53001,125280,0,1
5221,53001,125304,0,1
5222,53001,125328,0,1
5223,53001,125352,0,1
5224,53001,125376,0,1
5225,53001,125400,0,1
5226,53001,125424,0,1
5227,53001,125448,0,1
5228,53001,125472,0,1
5229,53001,125496,0,1
5230,53001,125520,0,1
5231,53001,125544,0,1
5232,53001,125568,0,1
5233,53001,125592,0,1
5234,53001,125616,0,1
5235,53001,125640,0,1
5236,53001,125664,0,1
5237,53001,125688,0,1
5238,53001,125712,1,0
5239,53001,125736,0,1
5240,53001,125760,0,1
5241,53001,125784,0,1
5242,53001,125808,0,1
5243,53001,125832,0,1
5244,53001,125856,0,1
5245,53001,125880,0,1
5246,53001,125904,0,1
5247,53001,125928,0,1
5248,53001,125952,0,1
5249,53001,125976,0,1
5250,53001,126000,0,1
5251,53001,126024,0,1
5252,53001,126048,0,1
5253,53001,126072,0,1
5254,53001,126096,0,1
5255,53001,126120,0,1
5256,53001,126144,0,1
5257,53001,126168,0,1
5258,53001,126192,0,1
5259,53001,126216,0,1
5260,53001,126240,0,1
5261,53001,126264,0,1
5262,53001,126288,0,1
5263,53001,126312,0,1
5264,53001,126336,0,1
5265,53001,126360,0,1
5266,53001,126384,0,1
5267,53001,126408,0,1
5268,53001,126432,0,1
5269,53001,126456,0,1
5270,53001,126480,0,1
5271,53001,126504,0,1
5272,53001,126528,0,1
5273,53001,126552,0,1
5274,53001,126576,0,1
5275,53001,126600,0,1
5276,53001,126624,0,1
5277,53001,126648,0,1
5278,53001,126672,0,1
5279,53001,126696,0,1
5280,53001,126720,0,1
5281,53001,126744,0,1
5282,53001,126768,0,1
5283,53001,126792,0,1
5284,53001,126816,0,1
5285,53001,126840,0,1
5286,53001,126864,0,1
5287,53001,126888,0,1
5288,53001,126912,0,1
5289,53001,126936,0,1
5290,53001,126960,0,1
5291,53001,126984,0,1
5292,53001,127008,0,1
5293,53001,127032,0,1
5294,53001,127056,0,1
5295,53001,127080,0,1
5296,53001,127104,0,1
5297,53001,127128,0,1
5298,53001,127152,0,1
5299,53001,127176,0,1
5300,53001,127200,0,1
5301,53001,127224,0,1
5302,53001,127248,0,1
5303,53001,127272,0,1
5304,53001,127296,0,1
5305,53001,127320,0,1
5306,53001,127344,0,1
5307,53001,127368,0,1
5308,53001,127392,0,1
5309,53001,127416,0,1
5310,53001,127440,0,1
5311,53001,127464,0,1
5312,53001,127488,0,1
5313,53001,127512,0,1
5314,53001,127536,0,1
5315,53001,127560,0,1
5316,53001,127584,0,1
5317,53001,127608,0,1
5318,53001,127632,0,1
5319,53001,127656,0,1
5320,53001,127680,0,1
5321,53001,127704,0,1
5322,53001,127728,0,1
5323,53001,127752,0,1
5324,53001,127776,0,1
5325,53001,127800,0,1
5326,53001,127824,0,1
5327,53001,127848,0,1
5328,53001,127872,0,1
5329,53001,127896,0,1
5330,53001,127920,0,1
